0.000073 5 5 0 F
0.025482 5 5 1 F
0.138912 5 5 2 F
0.179033 5 5 3 F
0.180071 5 5 0 F
0.228906 5 5 1 F
0.587422 5 5 2 F
0.618112 5 5 3 F
0.619118 5 5 0 F
0.665050 5 5 1 F
0.984875 5 5 2 F
1.023780 5 5 3 F
1.024783 5 5 0 F
1.035305 5 5 1 F
1.470304 5 5 2 F
1.503512 5 5 3 F
1.504576 5 5 0 F
1.537876 5 5 1 F
1.946377 5 5 2 F
1.973432 5 5 3 F
1.974512 5 5 0 F
1.987786 5 5 1 F
2.404772 5 5 2 F
2.454615 5 5 3 F
2.455629 5 5 0 F
2.498490 5 5 1 F
2.798416 5 5 2 F
2.819476 5 5 3 F
2.820478 5 5 0 F
2.845093 5 5 1 F
3.244442 5 5 2 F
3.276518 5 5 3 F
3.277522 5 5 0 F
3.313434 5 5 1 F
3.717351 5 5 2 F
3.766220 5 5 3 F
3.767256 5 5 0 F
3.790003 5 5 1 F
4.193504 5 5 2 F
4.204214 5 5 3 F
4.205220 5 5 0 F
4.234796 5 5 1 F
4.598576 5 5 2 F
4.627886 5 5 3 F
4.628900 5 5 0 F
4.643569 5 5 1 F
5.032288 5 5 2 F
5.069616 5 5 3 F
5.070637 5 5 0 F
5.113704 5 5 1 F
5.558215 5 5 2 F
5.578695 5 5 3 F
5.579710 5 5 0 F
5.598625 5 5 1 F
6.011711 5 5 2 F
6.045134 5 5 3 F
6.046190 5 5 0 F
6.077737 5 5 1 F
6.564053 5 5 2 F
6.587234 5 5 3 F
6.588319 5 5 0 F
6.617413 5 5 1 F
6.982218 5 5 2 F
7.009110 5 5 3 F
7.010111 5 5 0 F
7.027292 5 5 1 F
7.475144 5 5 2 F
7.499607 5 5 3 F
7.500615 5 5 0 F
7.515391 5 5 1 F
7.898588 5 5 2 F
7.926686 5 5 3 F
7.927695 5 5 0 F
7.955072 5 5 1 F
8.425538 5 5 2 F
8.454512 5 5 3 F
8.455524 5 5 0 F
8.483986 5 5 1 F
8.840132 5 5 2 F
8.867006 5 5 3 F
8.868009 5 5 0 F
8.916014 5 5 1 F
9.258160 5 5 2 F
9.287283 5 5 3 F
9.288290 5 5 0 F
9.305770 5 5 1 F
9.795301 5 5 2 F
9.841469 5 5 3 F
9.842478 5 5 0 F
9.866412 5 5 1 F
10.258199 5 5 2 F
10.280484 5 5 3 F
10.281506 5 5 0 F
10.309952 5 5 1 F
10.751309 5 5 2 F
10.762985 5 5 3 F
10.763999 5 5 0 F
10.784904 5 5 1 F
11.146191 5 5 2 F
11.167853 5 5 3 F
11.168855 5 5 0 F
0.000067 4 4 0 E
0.010293 4 4 1 E
0.010293 4 4 2 E
0.041379 4 4 3 E
0.042451 4 4 0 E
0.064818 4 4 1 E
0.437415 4 4 2 E
0.480439 4 4 3 E
0.481499 4 4 0 E
0.508530 4 4 1 E
0.834548 4 4 2 E
0.851849 4 4 3 E
0.852878 4 4 0 E
0.884574 4 4 1 E
1.305350 4 4 2 E
1.322512 4 4 3 E
1.323558 4 4 0 E
1.341387 4 4 1 E
1.760940 4 4 2 E
1.787071 4 4 3 E
1.788229 4 4 0 E
1.831732 4 4 1 E
2.240130 4 4 2 E
2.277269 4 4 3 E
2.278291 4 4 0 E
2.319180 4 4 1 E
2.601093 4 4 2 E
2.644929 4 4 3 E
2.645949 4 4 0 E
2.676399 4 4 1 E
3.096075 4 4 2 E
3.120012 4 4 3 E
3.121038 4 4 0 E
3.152590 4 4 1 E
3.555565 4 4 2 E
3.588607 4 4 3 E
3.589608 4 4 0 E
3.630599 4 4 1 E
4.069922 4 4 2 E
4.082333 4 4 3 E
4.083376 4 4 0 E
4.109878 4 4 1 E
4.468719 4 4 2 E
4.498268 4 4 3 E
4.499292 4 4 0 E
4.514235 4 4 1 E
4.908596 4 4 2 E
4.954820 4 4 3 E
4.955972 4 4 0 E
4.976032 4 4 1 E
5.416946 4 4 2 E
5.448265 4 4 3 E
5.449289 4 4 0 E
5.471439 4 4 1 E
5.908723 4 4 2 E
5.929247 4 4 3 E
5.930290 4 4 0 E
5.975256 4 4 1 E
6.414787 4 4 2 E
6.464565 4 4 3 E
6.465570 4 4 0 E
6.482297 4 4 1 E
6.891968 4 4 2 E
6.915136 4 4 3 E
6.916202 4 4 0 E
6.938241 4 4 1 E
7.330478 4 4 2 E
7.374247 4 4 3 E
7.375325 4 4 0 E
7.412343 4 4 1 E
7.812880 4 4 2 E
7.858149 4 4 3 E
7.859158 4 4 0 E
7.871274 4 4 1 E
8.286595 4 4 2 E
8.325556 4 4 3 E
8.326615 4 4 0 E
8.351107 4 4 1 E
8.726519 4 4 2 E
8.773276 4 4 3 E
8.774278 4 4 0 E
8.821524 4 4 1 E
9.136521 4 4 2 E
9.164925 4 4 3 E
9.165937 4 4 0 E
9.208818 4 4 1 E
9.657965 4 4 2 E
9.695190 4 4 3 E
9.696223 4 4 0 E
9.712437 4 4 1 E
10.127335 4 4 2 E
10.174351 4 4 3 E
10.175374 4 4 0 E
10.222334 4 4 1 E
10.646673 4 4 2 E
10.667196 4 4 3 E
10.668209 4 4 0 E
10.695896 4 4 1 E
11.047020 4 4 2 E
11.060428 4 4 3 E
11.061466 4 4 0 E
0.000103 7 7 0 H
0.015522 7 7 1 H
0.072059 7 7 2 H
0.097269 7 7 3 H
0.098302 7 7 0 H
0.112411 7 7 1 H
0.501755 7 7 2 H
0.513562 7 7 3 H
0.514571 7 7 0 H
0.552726 7 7 1 H
0.871374 7 7 2 H
0.891437 7 7 3 H
0.892438 7 7 0 H
0.940388 7 7 1 H
1.359408 7 7 2 H
1.374501 7 7 3 H
1.375589 7 7 0 H
1.415728 7 7 1 H
1.813136 7 7 2 H
1.860223 7 7 3 H
1.861229 7 7 0 H
1.909798 7 7 1 H
2.317259 7 7 2 H
2.332675 7 7 3 H
2.333736 7 7 0 H
2.380350 7 7 1 H
2.694479 7 7 2 H
2.736787 7 7 3 H
2.737799 7 7 0 H
2.777170 7 7 1 H
3.146763 7 7 2 H
3.178077 7 7 3 H
3.179128 7 7 0 H
3.215783 7 7 1 H
3.600657 7 7 2 H
3.643068 7 7 3 H
3.644079 7 7 0 H
3.655301 7 7 1 H
4.082442 7 7 2 H
4.119669 7 7 3 H
4.120694 7 7 0 H
4.131148 7 7 1 H
4.498377 7 7 2 H
4.537490 7 7 3 H
4.538501 7 7 0 H
4.581330 7 7 1 H
4.972783 7 7 2 H
5.001799 7 7 3 H
5.002809 7 7 0 H
5.019000 7 7 1 H
5.469265 7 7 2 H
5.517639 7 7 3 H
5.518661 7 7 0 H
5.547532 7 7 1 H
5.969330 7 7 2 H
6.001287 7 7 3 H
6.002301 7 7 0 H
6.021290 7 7 1 H
6.510068 7 7 2 H
6.535091 7 7 3 H
6.536112 7 7 0 H
6.563671 7 7 1 H
6.939175 7 7 2 H
6.964486 7 7 3 H
6.965576 7 7 0 H
7.014817 7 7 1 H
7.427947 7 7 2 H
7.474967 7 7 3 H
7.475975 7 7 0 H
7.490665 7 7 1 H
7.886406 7 7 2 H
7.898582 7 7 3 H
7.899637 7 7 0 H
7.917591 7 7 1 H
8.378433 7 7 2 H
8.425509 7 7 3 H
8.426529 7 7 0 H
8.437962 7 7 1 H
8.821202 7 7 2 H
8.840023 7 7 3 H
8.841025 7 7 0 H
8.888861 7 7 1 H
9.237463 7 7 2 H
9.258154 7 7 3 H
9.259214 7 7 0 H
9.297521 7 7 1 H
9.784246 7 7 2 H
9.795194 7 7 3 H
9.796196 7 7 0 H
9.807804 7 7 1 H
10.232217 7 7 2 H
10.258081 7 7 3 H
10.259097 7 7 0 H
10.282809 7 7 1 H
10.712235 7 7 2 H
10.751160 7 7 3 H
10.752167 7 7 0 H
10.773554 7 7 1 H
11.103155 7 7 2 H
11.146081 7 7 3 H
11.147213 7 7 0 H
0.000100 13 13 0 N
0.041642 13 13 1 N
0.397850 13 13 2 N
0.437399 13 13 3 N
0.438415 13 13 0 N
0.453235 13 13 1 N
0.816440 13 13 2 N
0.834527 13 13 3 N
0.835537 13 13 0 N
0.865708 13 13 1 N
1.260081 13 13 2 N
1.305314 13 13 3 N
1.306346 13 13 0 N
1.336071 13 13 1 N
1.742613 13 13 2 N
1.760940 13 13 3 N
1.761944 13 13 0 N
1.809247 13 13 1 N
2.191571 13 13 2 N
2.240095 13 13 3 N
2.241102 13 13 0 N
2.274754 13 13 1 N
2.586078 13 13 2 N
2.601074 13 13 3 N
2.602088 13 13 0 N
2.650749 13 13 1 N
3.046578 13 13 2 N
3.096056 13 13 3 N
3.097061 13 13 0 N
3.136150 13 13 1 N
3.490760 13 13 2 N
3.525959 13 13 3 N
3.527097 13 13 0 N
3.569790 13 13 1 N
3.980674 13 13 2 N
3.997556 13 13 3 N
3.998577 13 13 0 N
4.023202 13 13 1 N
4.411272 13 13 2 N
4.435154 13 13 3 N
4.436157 13 13 0 N
4.476662 13 13 1 N
4.852036 13 13 2 N
4.878676 13 13 3 N
4.879698 13 13 0 N
4.927271 13 13 1 N
5.349565 13 13 2 N
5.371447 13 13 3 N
5.372512 13 13 0 N
5.402020 13 13 1 N
5.848222 13 13 2 N
5.889593 13 13 3 N
5.890652 13 13 0 N
5.915941 13 13 1 N
6.327810 13 13 2 N
6.365033 13 13 3 N
6.366035 13 13 0 N
6.397024 13 13 1 N
6.826898 13 13 2 N
6.872370 13 13 3 N
6.873512 13 13 0 N
6.890288 13 13 1 N
7.261870 13 13 2 N
7.283930 13 13 3 N
7.284939 13 13 0 N
7.333174 13 13 1 N
7.755702 13 13 2 N
7.799769 13 13 3 N
7.800797 13 13 0 N
7.844192 13 13 1 N
8.210266 13 13 2 N
8.241778 13 13 3 N
8.242823 13 13 0 N
8.270354 13 13 1 N
8.637187 13 13 2 N
8.678372 13 13 3 N
8.679380 13 13 0 N
8.692211 13 13 1 N
9.092153 13 13 2 N
9.109794 13 13 3 N
9.110843 13 13 0 N
9.136179 13 13 1 N
9.569224 13 13 2 N
9.613443 13 13 3 N
9.614445 13 13 0 N
9.648271 13 13 1 N
10.093918 13 13 2 N
10.110581 13 13 3 N
10.111583 13 13 0 N
10.128720 13 13 1 N
10.526578 13 13 2 N
10.565134 13 13 3 N
10.566185 13 13 0 N
10.610098 13 13 1 N
10.910878 13 13 2 N
10.941694 13 13 3 N
10.942801 13 13 0 N
10.980997 13 13 1 N
11.398538 13 13 2 N
11.441929 13 13 3 N
11.442954 13 13 0 N
0.000094 12 12 0 M
0.018238 12 12 1 M
0.120539 12 12 2 M
0.138884 12 12 3 M
0.139885 12 12 0 M
0.169453 12 12 1 M
0.575502 12 12 2 M
0.587417 12 12 3 M
0.588423 12 12 0 M
0.615681 12 12 1 M
0.962306 12 12 2 M
0.984697 12 12 3 M
0.985737 12 12 0 M
1.003677 12 12 1 M
1.458762 12 12 2 M
1.470300 12 12 3 M
1.471320 12 12 0 M
1.505279 12 12 1 M
1.919414 12 12 2 M
1.946347 12 12 3 M
1.947353 12 12 0 M
1.983727 12 12 1 M
2.383732 12 12 2 M
2.404767 12 12 3 M
2.405798 12 12 0 M
2.447681 12 12 1 M
2.759502 12 12 2 M
2.798367 12 12 3 M
2.799372 12 12 0 M
2.843960 12 12 1 M
3.226447 12 12 2 M
3.244404 12 12 3 M
3.245568 12 12 0 M
3.276272 12 12 1 M
3.684643 12 12 2 M
3.717348 12 12 3 M
3.718404 12 12 0 M
3.745814 12 12 1 M
4.146974 12 12 2 M
4.193422 12 12 3 M
4.194431 12 12 0 M
4.211976 12 12 1 M
4.569595 12 12 2 M
4.598525 12 12 3 M
4.599587 12 12 0 M
4.630569 12 12 1 M
5.001865 12 12 2 M
5.032171 12 12 3 M
5.033185 12 12 0 M
5.073070 12 12 1 M
5.517741 12 12 2 M
5.558128 12 12 3 M
5.559179 12 12 0 M
5.595467 12 12 1 M
6.001453 12 12 2 M
6.011666 12 12 3 M
6.012698 12 12 0 M
6.043255 12 12 1 M
6.535155 12 12 2 M
6.563915 12 12 3 M
6.564926 12 12 0 M
6.595007 12 12 1 M
6.964605 12 12 2 M
6.982170 12 12 3 M
6.983206 12 12 0 M
7.007160 12 12 1 M
7.415213 12 12 2 M
7.427796 12 12 3 M
7.428835 12 12 0 M
7.468924 12 12 1 M
7.875474 12 12 2 M
7.886356 12 12 3 M
7.887362 12 12 0 M
7.908631 12 12 1 M
8.360593 12 12 2 M
8.378395 12 12 3 M
8.379458 12 12 0 M
8.412392 12 12 1 M
8.794418 12 12 2 M
8.821192 12 12 3 M
8.822196 12 12 0 M
8.862129 12 12 1 M
9.194496 12 12 2 M
9.237417 12 12 3 M
9.238426 12 12 0 M
9.270368 12 12 1 M
9.739969 12 12 2 M
9.784141 12 12 3 M
9.785147 12 12 0 M
9.800285 12 12 1 M
10.187567 12 12 2 M
10.232188 12 12 3 M
10.233200 12 12 0 M
10.260303 12 12 1 M
10.667238 12 12 2 M
10.712233 12 12 3 M
10.713388 12 12 0 M
10.749755 12 12 1 M
11.060441 12 12 2 M
11.103078 12 12 3 M
11.104095 12 12 0 M
0.000026 14 14 0 O
0.035653 14 14 1 O
0.317222 14 14 2 O
0.341558 14 14 3 O
0.342567 14 14 0 O
0.381885 14 14 1 O
0.709833 14 14 2 O
0.731463 14 14 3 O
0.732523 14 14 0 O
0.764561 14 14 1 O
1.162212 14 14 2 O
1.193898 14 14 3 O
1.194900 14 14 0 O
1.209695 14 14 1 O
1.633820 14 14 2 O
1.660234 14 14 3 O
1.661299 14 14 0 O
1.699555 14 14 1 O
2.121117 14 14 2 O
2.139861 14 14 3 O
2.140866 14 14 0 O
2.181142 14 14 1 O
2.538439 14 14 2 O
2.562436 14 14 3 O
2.563509 14 14 0 O
2.606261 14 14 1 O
2.962122 14 14 2 O
3.002944 14 14 3 O
3.003997 14 14 0 O
3.033913 14 14 1 O
3.388071 14 14 2 O
3.403443 14 14 3 O
3.404450 14 14 0 O
3.420991 14 14 1 O
3.869816 14 14 2 O
3.915233 14 14 3 O
3.916262 14 14 0 O
3.946753 14 14 1 O
4.313824 14 14 2 O
4.325779 14 14 3 O
4.326808 14 14 0 O
4.347377 14 14 1 O
4.709642 14 14 2 O
4.721435 14 14 3 O
4.722475 14 14 0 O
4.766665 14 14 1 O
5.180815 14 14 2 O
5.229205 14 14 3 O
5.230285 14 14 0 O
5.263805 14 14 1 O
5.671038 14 14 2 O
5.713351 14 14 3 O
5.714471 14 14 0 O
5.732649 14 14 1 O
6.104363 14 14 2 O
6.147330 14 14 3 O
6.148367 14 14 0 O
6.190653 14 14 1 O
6.660485 14 14 2 O
6.683193 14 14 3 O
6.684232 14 14 0 O
6.730526 14 14 1 O
7.115415 14 14 2 O
7.141803 14 14 3 O
7.142806 14 14 0 O
7.162020 14 14 1 O
7.590150 14 14 2 O
7.601139 14 14 3 O
7.602162 14 14 0 O
7.614300 14 14 1 O
8.000670 14 14 2 O
8.028692 14 14 3 O
8.029729 14 14 0 O
8.069438 14 14 1 O
8.502228 14 14 2 O
8.527091 14 14 3 O
8.528099 14 14 0 O
8.565098 14 14 1 O
8.919361 14 14 2 O
8.966783 14 14 3 O
8.967788 14 14 0 O
8.983193 14 14 1 O
9.373278 14 14 2 O
9.415025 14 14 3 O
9.416049 14 14 0 O
9.429985 14 14 1 O
9.921191 14 14 2 O
9.945606 14 14 3 O
9.946626 14 14 0 O
9.975303 14 14 1 O
10.357117 14 14 2 O
10.378161 14 14 3 O
10.379164 14 14 0 O
10.417580 14 14 1 O
10.790944 14 14 2 O
10.807132 14 14 3 O
10.808146 14 14 0 O
10.853810 14 14 1 O
11.245403 14 14 2 O
11.282430 14 14 3 O
11.283453 14 14 0 O
0.000054 2 2 0 C
0.039411 2 2 1 C
0.359807 2 2 2 C
0.397600 2 2 3 C
0.398619 2 2 0 C
0.426419 2 2 1 C
0.779719 2 2 2 C
0.816308 2 2 3 C
0.817325 2 2 0 C
0.843320 2 2 1 C
1.222716 2 2 2 C
1.260016 2 2 3 C
1.261055 2 2 0 C
1.298396 2 2 1 C
1.698297 2 2 2 C
1.742500 2 2 3 C
1.743509 2 2 0 C
1.753682 2 2 1 C
2.172469 2 2 2 C
2.191484 2 2 3 C
2.192633 2 2 0 C
2.209294 2 2 1 C
2.575654 2 2 2 C
2.586063 2 2 3 C
2.587066 2 2 0 C
2.631721 2 2 1 C
3.025257 2 2 2 C
3.046514 2 2 3 C
3.047530 2 2 0 C
3.059645 2 2 1 C
3.450183 2 2 2 C
3.490746 2 2 3 C
3.491771 2 2 0 C
3.504786 2 2 1 C
3.962972 2 2 2 C
3.980590 2 2 3 C
3.981707 2 2 0 C
4.010410 2 2 1 C
4.381917 2 2 2 C
4.411135 2 2 3 C
4.412139 2 2 0 C
4.452414 2 2 1 C
4.795507 2 2 2 C
4.809084 2 2 3 C
4.810088 2 2 0 C
4.828928 2 2 1 C
5.288579 2 2 2 C
5.329996 2 2 3 C
5.331018 2 2 0 C
5.370104 2 2 1 C
5.801924 2 2 2 C
5.848100 2 2 3 C
5.849181 2 2 0 C
5.874047 2 2 1 C
6.279867 2 2 2 C
6.327712 2 2 3 C
6.328779 2 2 0 C
6.344738 2 2 1 C
6.784093 2 2 2 C
6.826849 2 2 3 C
6.827850 2 2 0 C
6.849150 2 2 1 C
7.221786 2 2 2 C
7.261861 2 2 3 C
7.262863 2 2 0 C
7.301721 2 2 1 C
7.706107 2 2 2 C
7.755681 2 2 3 C
7.756705 2 2 0 C
7.775328 2 2 1 C
8.165744 2 2 2 C
8.210050 2 2 3 C
8.211053 2 2 0 C
8.236773 2 2 1 C
8.606992 2 2 2 C
8.637154 2 2 3 C
8.638172 2 2 0 C
8.681822 2 2 1 C
9.058059 2 2 2 C
9.092128 2 2 3 C
9.093169 2 2 0 C
9.129210 2 2 1 C
9.528815 2 2 2 C
9.569204 2 2 3 C
9.570284 2 2 0 C
9.583300 2 2 1 C
10.077179 2 2 2 C
10.093788 2 2 3 C
10.094793 2 2 0 C
10.131090 2 2 1 C
10.565219 2 2 2 C
10.577984 2 2 3 C
10.578985 2 2 0 C
10.628075 2 2 1 C
10.941711 2 2 2 C
10.967770 2 2 3 C
10.968805 2 2 0 C
11.010763 2 2 1 C
11.441969 2 2 2 C
11.482154 2 2 3 C
11.483158 2 2 0 C
0.000104 6 6 0 G
0.034986 6 6 1 G
0.285505 6 6 2 G
0.317203 6 6 3 G
0.318209 6 6 0 G
0.332957 6 6 1 G
0.685809 6 6 2 G
0.709816 6 6 3 G
0.710828 6 6 0 G
0.724387 6 6 1 G
1.112425 6 6 2 G
1.162203 6 6 3 G
1.163214 6 6 0 G
1.174115 6 6 1 G
1.620601 6 6 2 G
1.633809 6 6 3 G
1.634872 6 6 0 G
1.647836 6 6 1 G
2.076711 6 6 2 G
2.121045 6 6 3 G
2.122134 6 6 0 G
2.139515 6 6 1 G
2.525112 6 6 2 G
2.538146 6 6 3 G
2.539225 6 6 0 G
2.559575 6 6 1 G
2.919870 6 6 2 G
2.962043 6 6 3 G
2.963071 6 6 0 G
3.007256 6 6 1 G
3.359367 6 6 2 G
3.387971 6 6 3 G
3.389002 6 6 0 G
3.424551 6 6 1 G
3.915273 6 6 2 G
3.939471 6 6 3 G
3.940524 6 6 0 G
3.968268 6 6 1 G
4.325779 6 6 2 G
4.359558 6 6 3 G
4.360602 6 6 0 G
4.382884 6 6 1 G
4.721438 6 6 2 G
4.770019 6 6 3 G
4.771049 6 6 0 G
4.783298 6 6 1 G
5.229208 6 6 2 G
5.269180 6 6 3 G
5.270214 6 6 0 G
5.315080 6 6 1 G
5.713378 6 6 2 G
5.734554 6 6 3 G
5.735582 6 6 0 G
5.760508 6 6 1 G
6.147335 6 6 2 G
6.193357 6 6 3 G
6.194395 6 6 0 G
6.231191 6 6 1 G
6.683210 6 6 2 G
6.726050 6 6 3 G
6.727058 6 6 0 G
6.741044 6 6 1 G
7.141813 6 6 2 G
7.186177 6 6 3 G
7.187198 6 6 0 G
7.229318 6 6 1 G
7.601139 6 6 2 G
7.628615 6 6 3 G
7.629628 6 6 0 G
7.660136 6 6 1 G
8.050090 6 6 2 G
8.090297 6 6 3 G
8.091312 6 6 0 G
8.126909 6 6 1 G
8.547008 6 6 2 G
8.559358 6 6 3 G
8.560426 6 6 0 G
8.591776 6 6 1 G
8.986876 6 6 2 G
9.011049 6 6 3 G
9.012074 6 6 0 G
9.057183 6 6 1 G
9.455906 6 6 2 G
9.476735 6 6 3 G
9.477742 6 6 0 G
9.489406 6 6 1 G
9.945608 6 6 2 G
9.961742 6 6 3 G
9.962762 6 6 0 G
9.997838 6 6 1 G
10.378163 6 6 2 G
10.407807 6 6 3 G
10.408847 6 6 0 G
10.434665 6 6 1 G
10.807168 6 6 2 G
10.852336 6 6 3 G
10.853374 6 6 0 G
10.867481 6 6 1 G
11.282433 6 6 2 G
11.303716 6 6 3 G
11.304717 6 6 0 G
0.000080 10 10 0 K
0.026675 10 10 1 K
0.179041 10 10 2 K
0.208735 10 10 3 K
0.209738 10 10 0 K
0.232302 10 10 1 K
0.618208 10 10 2 K
0.637595 10 10 3 K
0.638633 10 10 0 K
0.677449 10 10 1 K
1.023790 10 10 2 K
1.036174 10 10 3 K
1.037207 10 10 0 K
1.055639 10 10 1 K
1.503670 10 10 2 K
1.543126 10 10 3 K
1.544144 10 10 0 K
1.556457 10 10 1 K
1.973435 10 10 2 K
1.999577 10 10 3 K
2.000604 10 10 0 K
2.016205 10 10 1 K
2.454705 10 10 2 K
2.480009 10 10 3 K
2.481016 10 10 0 K
2.508258 10 10 1 K
2.819512 10 10 2 K
2.852747 10 10 3 K
2.853783 10 10 0 K
2.880590 10 10 1 K
3.276529 10 10 2 K
3.296931 10 10 3 K
3.297967 10 10 0 K
3.330323 10 10 1 K
3.766320 10 10 2 K
3.801527 10 10 3 K
3.802533 10 10 0 K
3.824495 10 10 1 K
4.204329 10 10 2 K
4.249128 10 10 3 K
4.250176 10 10 0 K
4.295773 10 10 1 K
4.627923 10 10 2 K
4.671537 10 10 3 K
4.672557 10 10 0 K
4.693717 10 10 1 K
5.069689 10 10 2 K
5.114009 10 10 3 K
5.115035 10 10 0 K
5.140557 10 10 1 K
5.578699 10 10 2 K
5.605313 10 10 3 K
5.606316 10 10 0 K
5.647057 10 10 1 K
6.045163 10 10 2 K
6.064195 10 10 3 K
6.065238 10 10 0 K
6.077992 10 10 1 K
6.587257 10 10 2 K
6.622367 10 10 3 K
6.623371 10 10 0 K
6.651921 10 10 1 K
7.009148 10 10 2 K
7.057302 10 10 3 K
7.058307 10 10 0 K
7.095117 10 10 1 K
7.533400 10 10 2 K
7.555973 10 10 3 K
7.556988 10 10 0 K
7.571988 10 10 1 K
7.966745 10 10 2 K
8.000665 10 10 3 K
8.001667 10 10 0 K
8.042570 10 10 1 K
8.479729 10 10 2 K
8.502189 10 10 3 K
8.503215 10 10 0 K
8.527559 10 10 1 K
8.867065 10 10 2 K
8.898564 10 10 3 K
8.899635 10 10 0 K
8.930474 10 10 1 K
9.287309 10 10 2 K
9.325239 10 10 3 K
9.326350 10 10 0 K
9.364608 10 10 1 K
9.841502 10 10 2 K
9.874560 10 10 3 K
9.875582 10 10 0 K
9.896549 10 10 1 K
10.280504 10 10 2 K
10.312782 10 10 3 K
10.313920 10 10 0 K
10.362164 10 10 1 K
10.763062 10 10 2 K
10.780023 10 10 3 K
10.781036 10 10 0 K
10.792157 10 10 1 K
11.167910 10 10 2 K
11.197486 10 10 3 K
11.198497 10 10 0 K
0.000089 9 9 0 J
0.028084 9 9 1 J
0.208737 9 9 2 J
0.238387 9 9 3 J
0.239409 9 9 0 J
0.271331 9 9 1 J
0.637595 9 9 2 J
0.665993 9 9 3 J
0.667010 9 9 0 J
0.715533 9 9 1 J
1.067927 9 9 2 J
1.112411 9 9 3 J
1.113445 9 9 0 J
1.128409 9 9 1 J
1.591558 9 9 2 J
1.620523 9 9 3 J
1.621545 9 9 0 J
1.634785 9 9 1 J
2.033201 9 9 2 J
2.076702 9 9 3 J
2.077733 9 9 0 J
2.087925 9 9 1 J
2.508458 9 9 2 J
2.525015 9 9 3 J
2.526024 9 9 0 J
2.558615 9 9 1 J
2.887693 9 9 2 J
2.919836 9 9 3 J
2.920866 9 9 0 J
2.968739 9 9 1 J
3.311850 9 9 2 J
3.359330 9 9 3 J
3.360340 9 9 0 J
3.407530 9 9 1 J
3.847285 9 9 2 J
3.869792 9 9 3 J
3.870818 9 9 0 J
3.884508 9 9 1 J
4.249171 9 9 2 J
4.285061 9 9 3 J
4.286130 9 9 0 J
4.322606 9 9 1 J
4.671630 9 9 2 J
4.693198 9 9 3 J
4.694206 9 9 0 J
4.709122 9 9 1 J
5.114049 9 9 2 J
5.152674 9 9 3 J
5.153679 9 9 0 J
5.193198 9 9 1 J
5.605324 9 9 2 J
5.643813 9 9 3 J
5.644866 9 9 0 J
5.677020 9 9 1 J
6.064299 9 9 2 J
6.089996 9 9 3 J
6.091013 9 9 0 J
6.115336 9 9 1 J
6.622399 9 9 2 J
6.641218 9 9 3 J
6.642277 9 9 0 J
6.683105 9 9 1 J
7.070576 9 9 2 J
7.115397 9 9 3 J
7.116430 9 9 0 J
7.131501 9 9 1 J
7.556028 9 9 2 J
7.590076 9 9 3 J
7.591131 9 9 0 J
7.627113 9 9 1 J
8.028732 9 9 2 J
8.050070 9 9 3 J
8.051091 9 9 0 J
8.082465 9 9 1 J
8.527104 9 9 2 J
8.546992 9 9 3 J
8.548041 9 9 0 J
8.567963 9 9 1 J
8.966808 9 9 2 J
8.986829 9 9 3 J
8.987893 9 9 0 J
9.018463 9 9 1 J
9.415029 9 9 2 J
9.455815 9 9 3 J
9.456856 9 9 0 J
9.501332 9 9 1 J
9.961795 9 9 2 J
10.006586 9 9 3 J
10.007635 9 9 0 J
10.040032 9 9 1 J
10.407821 9 9 2 J
10.441641 9 9 3 J
10.442683 9 9 0 J
10.489093 9 9 1 J
10.852611 9 9 2 J
10.882186 9 9 3 J
10.883203 9 9 0 J
10.917068 9 9 1 J
11.335895 9 9 2 J
11.354912 9 9 3 J
11.355957 9 9 0 J
0.000047 1 1 0 B
0.038660 1 1 1 B
0.341581 1 1 2 B
0.359707 1 1 3 B
0.360765 1 1 0 B
0.383186 1 1 1 B
0.731476 1 1 2 B
0.779715 1 1 3 B
0.780725 1 1 0 B
0.804624 1 1 1 B
1.193938 1 1 2 B
1.222700 1 1 3 B
1.223750 1 1 0 B
1.271338 1 1 1 B
1.660236 1 1 2 B
1.697997 1 1 3 B
1.699005 1 1 0 B
1.748709 1 1 1 B
2.139875 1 1 2 B
2.172460 1 1 3 B
2.173474 1 1 0 B
2.204556 1 1 1 B
2.562440 1 1 2 B
2.575412 1 1 3 B
2.576466 1 1 0 B
2.613953 1 1 1 B
3.002982 1 1 2 B
3.025159 1 1 3 B
3.026164 1 1 0 B
3.040064 1 1 1 B
3.403444 1 1 2 B
3.450121 1 1 3 B
3.451174 1 1 0 B
3.485026 1 1 1 B
3.939713 1 1 2 B
3.962914 1 1 3 B
3.963919 1 1 0 B
4.006336 1 1 1 B
4.359649 1 1 2 B
4.381831 1 1 3 B
4.382880 1 1 0 B
4.404127 1 1 1 B
4.770185 1 1 2 B
4.795410 1 1 3 B
4.796453 1 1 0 B
4.815327 1 1 1 B
5.269234 1 1 2 B
5.288556 1 1 3 B
5.289567 1 1 0 B
5.324739 1 1 1 B
5.734591 1 1 2 B
5.780585 1 1 3 B
5.781609 1 1 0 B
5.815908 1 1 1 B
6.193400 1 1 2 B
6.235140 1 1 3 B
6.236148 1 1 0 B
6.257113 1 1 1 B
6.726052 1 1 2 B
6.754463 1 1 3 B
6.755511 1 1 0 B
6.780359 1 1 1 B
7.186287 1 1 2 B
7.205616 1 1 3 B
7.206675 1 1 0 B
7.241718 1 1 1 B
7.628853 1 1 2 B
7.657282 1 1 3 B
7.658302 1 1 0 B
7.690840 1 1 1 B
8.090476 1 1 2 B
8.125031 1 1 3 B
8.126074 1 1 0 B
8.142754 1 1 1 B
8.559364 1 1 2 B
8.587568 1 1 3 B
8.588628 1 1 0 B
8.623673 1 1 1 B
9.011182 1 1 2 B
9.038494 1 1 3 B
9.039505 1 1 0 B
9.060750 1 1 1 B
9.476749 1 1 2 B
9.488780 1 1 3 B
9.489785 1 1 0 B
9.502547 1 1 1 B
10.006619 1 1 2 B
10.037979 1 1 3 B
10.038985 1 1 0 B
10.065338 1 1 1 B
10.441650 1 1 2 B
10.489715 1 1 3 B
10.490721 1 1 0 B
10.508626 1 1 1 B
10.882226 1 1 2 B
10.895968 1 1 3 B
10.897001 1 1 0 B
10.916997 1 1 1 B
11.303853 1 1 2 B
11.335654 1 1 3 B
11.336671 1 1 0 B
0.000087 11 11 0 L
0.033820 11 11 1 L
0.238460 11 11 2 L
0.285478 11 11 3 L
0.286644 11 11 0 L
0.323958 11 11 1 L
0.666136 11 11 2 L
0.685735 11 11 3 L
0.686806 11 11 0 L
0.699329 11 11 1 L
1.036188 11 11 2 L
1.067823 11 11 3 L
1.068825 11 11 0 L
1.085148 11 11 1 L
1.543136 11 11 2 L
1.591488 11 11 3 L
1.592496 11 11 0 L
1.621490 11 11 1 L
1.999613 11 11 2 L
2.033133 11 11 3 L
2.034203 11 11 0 L
2.082742 11 11 1 L
2.480040 11 11 2 L
2.508402 11 11 3 L
2.509456 11 11 0 L
2.550229 11 11 1 L
2.852795 11 11 2 L
2.887571 11 11 3 L
2.888591 11 11 0 L
2.914243 11 11 1 L
3.296973 11 11 2 L
3.311765 11 11 3 L
3.312813 11 11 0 L
3.361414 11 11 1 L
3.801615 11 11 2 L
3.847239 11 11 3 L
3.848258 11 11 0 L
3.897085 11 11 1 L
4.285124 11 11 2 L
4.313744 11 11 3 L
4.314795 11 11 0 L
4.330487 11 11 1 L
4.693274 11 11 2 L
4.709544 11 11 3 L
4.710547 11 11 0 L
4.734486 11 11 1 L
5.152692 11 11 2 L
5.180755 11 11 3 L
5.181758 11 11 0 L
5.208179 11 11 1 L
5.643822 11 11 2 L
5.671033 11 11 3 L
5.672090 11 11 0 L
5.711073 11 11 1 L
6.090024 11 11 2 L
6.104351 11 11 3 L
6.105403 11 11 0 L
6.135117 11 11 1 L
6.641223 11 11 2 L
6.660337 11 11 3 L
6.661338 11 11 0 L
6.672121 11 11 1 L
7.057375 11 11 2 L
7.070535 11 11 3 L
7.071540 11 11 0 L
7.082889 11 11 1 L
7.499637 11 11 2 L
7.533382 11 11 3 L
7.534482 11 11 0 L
7.553053 11 11 1 L
7.926733 11 11 2 L
7.966741 11 11 3 L
7.967780 11 11 0 L
8.013766 11 11 1 L
8.454608 11 11 2 L
8.479698 11 11 3 L
8.480761 11 11 0 L
8.528470 11 11 1 L
8.898603 11 11 2 L
8.919281 11 11 3 L
8.920325 11 11 0 L
8.944772 11 11 1 L
9.325348 11 11 2 L
9.372963 11 11 3 L
9.374106 11 11 0 L
9.392826 11 11 1 L
9.874580 11 11 2 L
9.921190 11 11 3 L
9.922199 11 11 0 L
9.960524 11 11 1 L
10.312872 11 11 2 L
10.357091 11 11 3 L
10.358097 11 11 0 L
10.399781 11 11 1 L
10.780127 11 11 2 L
10.790931 11 11 3 L
10.791940 11 11 0 L
10.803491 11 11 1 L
11.197496 11 11 2 L
11.245348 11 11 3 L
11.246361 11 11 0 L
0.000041 0 0 0 A
0.013407 0 0 1 A
0.041473 0 0 2 A
0.072007 0 0 3 A
0.073021 0 0 0 A
0.084021 0 0 1 A
0.480457 0 0 2 A
0.501613 0 0 3 A
0.502616 0 0 0 A
0.551630 0 0 1 A
0.851856 0 0 2 A
0.871202 0 0 3 A
0.872244 0 0 0 A
0.907628 0 0 1 A
1.322564 0 0 2 A
1.359386 0 0 3 A
1.360392 0 0 0 A
1.398657 0 0 1 A
1.787253 0 0 2 A
1.812984 0 0 3 A
1.814006 0 0 0 A
1.848526 0 0 1 A
2.277352 0 0 2 A
2.317117 0 0 3 A
2.318135 0 0 0 A
2.364275 0 0 1 A
2.665384 0 0 2 A
2.694422 0 0 3 A
2.695439 0 0 0 A
2.708724 0 0 1 A
3.130810 0 0 2 A
3.146738 0 0 3 A
3.147754 0 0 0 A
3.159620 0 0 1 A
3.588622 0 0 2 A
3.600605 0 0 3 A
3.601684 0 0 0 A
3.628264 0 0 1 A
4.033835 0 0 2 A
4.069722 0 0 3 A
4.070785 0 0 0 A
4.099287 0 0 1 A
4.446833 0 0 2 A
4.468675 0 0 3 A
4.469678 0 0 0 A
4.513738 0 0 1 A
4.878723 0 0 2 A
4.908322 0 0 3 A
4.909451 0 0 0 A
4.940838 0 0 1 A
5.371452 0 0 2 A
5.416779 0 0 3 A
5.417799 0 0 0 A
5.443961 0 0 1 A
5.889663 0 0 2 A
5.908526 0 0 3 A
5.909573 0 0 0 A
5.945150 0 0 1 A
6.365056 0 0 2 A
6.414738 0 0 3 A
6.415773 0 0 0 A
6.455815 0 0 1 A
6.872524 0 0 2 A
6.891840 0 0 3 A
6.892866 0 0 0 A
6.911159 0 0 1 A
7.283939 0 0 2 A
7.330401 0 0 3 A
7.331405 0 0 0 A
7.376529 0 0 1 A
7.799800 0 0 2 A
7.812714 0 0 3 A
7.813752 0 0 0 A
7.858920 0 0 1 A
8.241864 0 0 2 A
8.286111 0 0 3 A
8.287118 0 0 0 A
8.312786 0 0 1 A
8.678411 0 0 2 A
8.726411 0 0 3 A
8.727559 0 0 0 A
8.745588 0 0 1 A
9.109831 0 0 2 A
9.136475 0 0 3 A
9.137479 0 0 0 A
9.170618 0 0 1 A
9.613444 0 0 2 A
9.657818 0 0 3 A
9.658856 0 0 0 A
9.691148 0 0 1 A
10.110678 0 0 2 A
10.127201 0 0 3 A
10.128257 0 0 0 A
10.147103 0 0 1 A
10.578063 0 0 2 A
10.600578 0 0 3 A
10.601587 0 0 0 A
10.638618 0 0 1 A
10.967791 0 0 2 A
11.016298 0 0 3 A
11.017417 0 0 0 A
0.000096 8 8 0 I
0.017574 8 8 1 I
0.108871 8 8 2 I
0.120499 8 8 3 I
0.121567 8 8 0 I
0.134449 8 8 1 I
0.535727 8 8 2 I
0.575341 8 8 3 I
0.576498 8 8 0 I
0.609159 8 8 1 I
0.937553 8 8 2 I
0.962241 8 8 3 I
0.963249 8 8 0 I
0.986258 8 8 1 I
1.414443 8 8 2 I
1.458742 8 8 3 I
1.459829 8 8 0 I
1.495882 8 8 1 I
1.903628 8 8 2 I
1.919276 8 8 3 I
1.920470 8 8 0 I
1.937478 8 8 1 I
2.345027 8 8 2 I
2.383696 8 8 3 I
2.384739 8 8 0 I
2.420577 8 8 1 I
2.736795 8 8 2 I
2.759475 8 8 3 I
2.760477 8 8 0 I
2.783642 8 8 1 I
3.178099 8 8 2 I
3.226406 8 8 3 I
3.227467 8 8 0 I
3.272763 8 8 1 I
3.643129 8 8 2 I
3.684399 8 8 3 I
3.685427 8 8 0 I
3.722922 8 8 1 I
4.119742 8 8 2 I
4.146877 8 8 3 I
4.147914 8 8 0 I
4.172856 8 8 1 I
4.537560 8 8 2 I
4.569579 8 8 3 I
4.570584 8 8 0 I
4.581250 8 8 1 I
4.955005 8 8 2 I
4.972761 8 8 3 I
4.973807 8 8 0 I
5.001077 8 8 1 I
5.448354 8 8 2 I
5.469138 8 8 3 I
5.470144 8 8 0 I
5.492005 8 8 1 I
5.929283 8 8 2 I
5.969280 8 8 3 I
5.970320 8 8 0 I
6.005950 8 8 1 I
6.464579 8 8 2 I
6.509946 8 8 3 I
6.510971 8 8 0 I
6.538953 8 8 1 I
6.915282 8 8 2 I
6.939129 8 8 3 I
6.940136 8 8 0 I
6.968984 8 8 1 I
7.374305 8 8 2 I
7.415161 8 8 3 I
7.416214 8 8 0 I
7.436181 8 8 1 I
7.858161 8 8 2 I
7.875406 8 8 3 I
7.876428 8 8 0 I
7.901293 8 8 1 I
8.325652 8 8 2 I
8.360507 8 8 3 I
8.361519 8 8 0 I
8.373098 8 8 1 I
8.773531 8 8 2 I
8.794406 8 8 3 I
8.795430 8 8 0 I
8.830759 8 8 1 I
9.165006 8 8 2 I
9.194450 8 8 3 I
9.195459 8 8 0 I
9.239259 8 8 1 I
9.695259 8 8 2 I
9.739920 8 8 3 I
9.740996 8 8 0 I
9.790818 8 8 1 I
10.174401 8 8 2 I
10.187383 8 8 3 I
10.188470 8 8 0 I
10.207065 8 8 1 I
10.600664 8 8 2 I
10.646427 8 8 3 I
10.647591 8 8 0 I
10.670310 8 8 1 I
11.016813 8 8 2 I
11.046942 8 8 3 I
11.047945 8 8 0 I
0.000060 3 3 0 D
0.015596 3 3 1 D
0.097274 3 3 2 D
0.108619 3 3 3 D
0.109627 3 3 0 D
0.129326 3 3 1 D
0.513595 3 3 2 D
0.535460 3 3 3 D
0.536563 3 3 0 D
0.582315 3 3 1 D
0.891531 3 3 2 D
0.937323 3 3 3 D
0.938373 3 3 0 D
0.949354 3 3 1 D
1.374603 3 3 2 D
1.414314 3 3 3 D
1.415376 3 3 0 D
1.450347 3 3 1 D
1.860284 3 3 2 D
1.903576 3 3 3 D
1.904609 3 3 0 D
1.923944 3 3 1 D
2.332812 3 3 2 D
2.344957 3 3 3 D
2.345965 3 3 0 D
2.361922 3 3 1 D
2.645047 3 3 2 D
2.665242 3 3 3 D
2.666244 3 3 0 D
2.696759 3 3 1 D
3.120027 3 3 2 D
3.130606 3 3 3 D
3.131608 3 3 0 D
3.146934 3 3 1 D
3.526012 3 3 2 D
3.555500 3 3 3 D
3.556520 3 3 0 D
3.596400 3 3 1 D
3.997557 3 3 2 D
4.033740 3 3 3 D
4.034764 3 3 0 D
4.059084 3 3 1 D
4.435220 3 3 2 D
4.446612 3 3 3 D
4.447650 3 3 0 D
4.461477 3 3 1 D
4.809192 3 3 2 D
4.852006 3 3 3 D
4.853010 3 3 0 D
4.890969 3 3 1 D
5.330042 3 3 2 D
5.349516 3 3 3 D
5.350555 3 3 0 D
5.361679 3 3 1 D
5.780754 3 3 2 D
5.801846 3 3 3 D
5.802900 3 3 0 D
5.826078 3 3 1 D
6.235224 3 3 2 D
6.279798 3 3 3 D
6.280828 3 3 0 D
6.315404 3 3 1 D
6.754527 3 3 2 D
6.783960 3 3 3 D
6.784981 3 3 0 D
6.802228 3 3 1 D
7.205646 3 3 2 D
7.221763 3 3 3 D
7.222794 3 3 0 D
7.271991 3 3 1 D
7.657436 3 3 2 D
7.705991 3 3 3 D
7.706992 3 3 0 D
7.744115 3 3 1 D
8.125082 3 3 2 D
8.165652 3 3 3 D
8.166660 3 3 0 D
8.203640 3 3 1 D
8.587607 3 3 2 D
8.606919 3 3 3 D
8.607956 3 3 0 D
8.654057 3 3 1 D
9.038505 3 3 2 D
9.058053 3 3 3 D
9.059086 3 3 0 D
9.093174 3 3 1 D
9.488872 3 3 2 D
9.528784 3 3 3 D
9.529848 3 3 0 D
9.569421 3 3 1 D
10.038062 3 3 2 D
10.077088 3 3 3 D
10.078112 3 3 0 D
10.117740 3 3 1 D
10.489737 3 3 2 D
10.526494 3 3 3 D
10.527498 3 3 0 D
10.545146 3 3 1 D
10.895983 3 3 2 D
10.910819 3 3 3 D
10.911827 3 3 0 D
-1 15 15 4 LOCAL_SECTION;ENTRY_PROTOCOL;CRITICAL_SECTION;EXIT_PROTOCOL;MAX_TICKET=1106
