0.000034 0 0 0 A
0.035489 0 0 1 A
0.073164 0 0 2 A
0.083438 0 0 3 A
0.093690 0 0 0 A
0.123270 0 0 1 A
0.194737 0 0 2 A
0.205429 0 0 3 A
0.215716 0 0 0 A
0.259416 0 0 1 A
0.278267 0 0 2 A
0.288419 0 0 3 A
0.298941 0 0 0 A
0.346945 0 0 1 A
0.376675 0 0 2 A
0.386890 0 0 3 A
0.397362 0 0 0 A
0.430536 0 0 1 A
0.461154 0 0 2 A
0.471177 0 0 3 A
0.481255 0 0 0 A
0.512707 0 0 1 A
0.525837 0 0 2 A
0.536330 0 0 3 A
0.546538 0 0 0 A
0.584060 0 0 1 A
0.600254 0 0 2 A
0.610507 0 0 3 A
0.620605 0 0 0 A
0.635824 0 0 1 A
0.710900 0 0 2 A
0.721115 0 0 3 A
0.731310 0 0 0 A
0.760912 0 0 1 A
0.815349 0 0 2 A
0.825408 0 0 3 A
0.835851 0 0 0 A
0.883933 0 0 1 A
0.926496 0 0 2 A
0.937032 0 0 3 A
0.947461 0 0 0 A
0.997712 0 0 1 A
1.010875 0 0 2 A
1.021513 0 0 3 A
1.031949 0 0 0 A
1.059181 0 0 1 A
1.105613 0 0 2 A
1.115804 0 0 3 A
1.126180 0 0 0 A
1.138416 0 0 1 A
1.202425 0 0 2 A
1.212625 0 0 3 A
1.222847 0 0 0 A
0.000021 1 1 0 B
0.013183 1 1 1 B
0.049660 1 1 2 B
0.059695 1 1 3 B
0.069863 1 1 0 B
0.115976 1 1 1 B
0.133608 1 1 2 B
0.143928 1 1 3 B
0.154342 1 1 0 B
0.193605 1 1 1 B
0.249088 1 1 2 B
0.259647 1 1 3 B
0.270104 1 1 0 B
0.292619 1 1 1 B
0.326478 1 1 2 B
0.336703 1 1 3 B
0.346941 1 1 0 B
0.358178 1 1 1 B
0.398580 1 1 2 B
0.408986 1 1 3 B
0.419216 1 1 0 B
0.453904 1 1 1 B
0.486424 1 1 2 B
0.496493 1 1 3 B
0.506569 1 1 0 B
0.531969 1 1 1 B
0.559664 1 1 2 B
0.569794 1 1 3 B
0.579897 1 1 0 B
0.628702 1 1 1 B
0.671406 1 1 2 B
0.681452 1 1 3 B
0.691587 1 1 0 B
0.732540 1 1 1 B
0.762128 1 1 2 B
0.772947 1 1 3 B
0.783503 1 1 0 B
0.807683 1 1 1 B
0.842162 1 1 2 B
0.852360 1 1 3 B
0.862573 1 1 0 B
0.891259 1 1 1 B
0.962791 1 1 2 B
0.973237 1 1 3 B
0.983410 1 1 0 B
1.016970 1 1 1 B
1.055831 1 1 2 B
1.065962 1 1 3 B
1.076166 1 1 0 B
1.108923 1 1 1 B
1.165302 1 1 2 B
1.175399 1 1 3 B
1.185587 1 1 0 B
1.230505 1 1 1 B
1.270812 1 1 2 B
1.280976 1 1 3 B
1.291066 1 1 0 B
1.310226 1 1 1 B
1.359444 1 1 2 B
1.369673 1 1 3 B
1.379847 1 1 0 B
1.415098 1 1 1 B
1.463338 1 1 2 B
1.473706 1 1 3 B
1.484283 1 1 0 B
1.522569 1 1 1 B
1.548799 1 1 2 B
1.558952 1 1 3 B
1.569192 1 1 0 B
1.593444 1 1 1 B
1.634718 1 1 2 B
1.645036 1 1 3 B
1.655263 1 1 0 B
1.674426 1 1 1 B
1.693573 1 1 2 B
1.703658 1 1 3 B
1.713733 1 1 0 B
1.757866 1 1 1 B
1.794079 1 1 2 B
1.804212 1 1 3 B
1.814724 1 1 0 B
-1 2 2 4 Local_Section;Entry_Protocol;Critical_Section;Exit_Protocol;EXTRA_LABEL;
