 0.002919189  0  0  0  A
 0.039310478  0  0  1  A
 0.065378279  0  0  2  A
 0.106951248  0  0  3  A
 0.106951519  0  0  0  A
 0.121936907  0  0  1  A
 0.121937203  0  0  2  A
 0.171718039  0  0  3  A
 0.171718334  0  0  0  A
 0.214407967  0  0  1  A
 0.214408287  0  0  2  A
 0.248295293  0  0  3  A
 0.248295628  0  0  0  A
 0.295382426  0  0  1  A
 0.295383425  0  0  2  A
 0.342645933  0  0  3  A
 0.342646171  0  0  0  A
 0.376798275  0  0  1  A
 0.378609238  0  0  2  A
 0.409314140  0  0  3  A
 0.409314532  0  0  0  A
 0.456324259  0  0  1  A
 0.456325572  0  0  2  A
 0.506128770  0  0  3  A
 0.506128995  0  0  0  A
 0.518850073  0  0  1  A
 0.550067468  0  0  2  A
 0.564035520  0  0  3  A
 0.564035736  0  0  0  A
 0.583776831  0  0  1  A
 0.583777163  0  0  2  A
 0.632899487  0  0  3  A
 0.632899713  0  0  0  A
 0.674298392  0  0  1  A
 0.674298894  0  0  2  A
 0.721675139  0  0  3  A
 0.721675365  0  0  0  A
 0.740249880  0  0  1  A
 0.764732664  0  0  2  A
 0.801887179  0  0  3  A
 0.801887589  0  0  0  A
 0.825860877  0  0  1  A
 0.836181984  0  0  2  A
 0.848438861  0  0  3  A
 0.848439025  0  0  0  A
 0.886884695  0  0  1  A
 0.890875426  0  0  2  A
 0.924806443  0  0  3  A
 0.924807725  0  0  0  A
 0.956512039  0  0  1  A
 0.956513423  0  0  2  A
 1.000324071  0  0  3  A
 1.000324402  0  0  0  A
 1.019572660  0  0  1  A
 1.029394500  0  0  2  A
 1.071291218  0  0  3  A
 1.071291461  0  0  0  A
 1.120031776  0  0  1  A
 1.120032233  0  0  2  A
 1.163385114  0  0  3  A
 1.163385374  0  0  0  A
 0.002964130  1  1  0  B
 0.025681427  1  1  1  B
 0.025681839  1  1  2  B
 0.065377839  1  1  3  B
 0.065378056  1  1  0  B
 0.098878746  1  1  1  B
 0.106952293  1  1  2  B
 0.120840210  1  1  3  B
 0.120840465  1  1  0  B
 0.152159670  1  1  1  B
 0.171718773  1  1  2  B
 0.193108093  1  1  3  B
 0.193109633  1  1  0  B
 0.239112172  1  1  1  B
 0.248296919  1  1  2  B
 0.291446485  1  1  3  B
 0.291447267  1  1  0  B
 0.318031181  1  1  1  B
 0.342646842  1  1  2  B
 0.378608200  1  1  3  B
 0.378608802  1  1  0  B
 0.402589529  1  1  1  B
 0.409314806  1  1  2  B
 0.446634068  1  1  3  B
 0.446635198  1  1  0  B
 0.476567332  1  1  1  B
 0.506129852  1  1  2  B
 0.550066533  1  1  3  B
 0.550066752  1  1  0  B
 0.585592563  1  1  1  B
 0.632900332  1  1  2  B
 0.647388213  1  1  3  B
 0.647388433  1  1  0  B
 0.689511691  1  1  1  B
 0.721676000  1  1  2  B
 0.764731770  1  1  3  B
 0.764731988  1  1  0  B
 0.792122106  1  1  1  B
 0.801887756  1  1  2  B
 0.836180608  1  1  3  B
 0.836181864  1  1  0  B
 0.847220546  1  1  1  B
 0.848439129  1  1  2  B
 0.890874481  1  1  3  B
 0.890875025  1  1  0  B
 0.931053632  1  1  1  B
 0.931054767  1  1  2  B
 0.955661334  1  1  3  B
 0.955662764  1  1  0  B
 0.994542955  1  1  1  B
 1.000324576  1  1  2  B
 1.029393867  1  1  3  B
 1.029394099  1  1  0  B
 1.061063481  1  1  1  B
 1.071292199  1  1  2  B
 1.109974256  1  1  3  B
 1.109975194  1  1  0  B
 1.140453171  1  1  1  B
 1.163385650  1  1  2  B
 1.176512927  1  1  3  B
 1.176513171  1  1  0  B
 1.190047008  1  1  1  B
 1.190047242  1  1  2  B
 1.203365055  1  1  3  B
 1.203365297  1  1  0  B
 1.245859558  1  1  1  B
 1.245860396  1  1  2  B
 1.277140669  1  1  3  B
 1.277141695  1  1  0  B
 1.302060475  1  1  1  B
 1.302061698  1  1  2  B
 1.317855707  1  1  3  B
 1.317855925  1  1  0  B
 1.356155791  1  1  1  B
 1.356156903  1  1  2  B
 1.368693372  1  1  3  B
 1.368694652  1  1  0  B
 1.407978497  1  1  1  B
 1.407979761  1  1  2  B
 1.452877998  1  1  3  B
 1.452879392  1  1  0  B
 1.483963904  1  1  1  B
 1.483965280  1  1  2  B
 1.531418227  1  1  3  B
 1.531419629  1  1  0  B
 1.553189641  1  1  1  B
 1.553191288  1  1  2  B
 1.582550281  1  1  3  B
 1.582551610  1  1  0  B
-1  2  2  4 LOCAL_SECTION;ENTRY_PROTOCOL;CRITICAL_SECTION;EXIT_PROTOCOL;EXTRA_LABEL;
