 0.000698271  0  0  0  A
 0.043332440  0  0  1  A
 0.053316750  0  0  2  A
 0.089311028  0  0  3  A
 0.089311667  0  0  0  A
 0.116985798  0  0  1  A
 0.128700777  0  0  2  A
 0.141281785  0  0  3  A
 0.141281994  0  0  0  A
 0.185410903  0  0  1  A
 0.185411356  0  0  2  A
 0.227377220  0  0  3  A
 0.227377506  0  0  0  A
 0.265467502  0  0  1  A
 0.265467756  0  0  2  A
 0.301601148  0  0  3  A
 0.301602345  0  0  0  A
 0.329509326  0  0  1  A
 0.329510563  0  0  2  A
 0.353792688  0  0  3  A
 0.353793814  0  0  0  A
 0.376670546  0  0  1  A
 0.401968025  0  0  2  A
 0.439045862  0  0  3  A
 0.439046058  0  0  0  A
 0.473156836  0  0  1  A
 0.473157291  0  0  2  A
 0.501298689  0  0  3  A
 0.501298883  0  0  0  A
 0.533953656  0  0  1  A
 0.547103529  0  0  2  A
 0.562341479  0  0  3  A
 0.562341760  0  0  0  A
 0.574365921  0  0  1  A
 0.600121344  0  0  2  A
 0.630673487  0  0  3  A
 0.630674173  0  0  0  A
 0.651344596  0  0  1  A
 0.671768174  0  0  2  A
 0.711449391  0  0  3  A
 0.711450544  0  0  0  A
 0.730974074  0  0  1  A
 0.741690540  0  0  2  A
 0.756082737  0  0  3  A
 0.756082919  0  0  0  A
 0.773616527  0  0  1  A
 0.773617194  0  0  2  A
 0.819684762  0  0  3  A
 0.819684971  0  0  0  A
 0.867827877  0  0  1  A
 0.867828719  0  0  2  A
 0.894782101  0  0  3  A
 0.894783207  0  0  0  A
 0.931379198  0  0  1  A
 0.934796298  0  0  2  A
 0.978452798  0  0  3  A
 0.978453081  0  0  0  A
 0.000753506  1  1  0  B
 0.012123438  1  1  1  B
 0.012124105  1  1  2  B
 0.053316376  1  1  3  B
 0.053316614  1  1  0  B
 0.067399772  1  1  1  B
 0.089312392  1  1  2  B
 0.128700390  1  1  3  B
 0.128700590  1  1  0  B
 0.147280807  1  1  1  B
 0.147281018  1  1  2  B
 0.174543706  1  1  3  B
 0.174544404  1  1  0  B
 0.192221853  1  1  1  B
 0.227377889  1  1  2  B
 0.256542410  1  1  3  B
 0.256542627  1  1  0  B
 0.299751026  1  1  1  B
 0.301603120  1  1  2  B
 0.327716067  1  1  3  B
 0.327717115  1  1  0  B
 0.353115438  1  1  1  B
 0.353794197  1  1  2  B
 0.401921323  1  1  3  B
 0.401921526  1  1  0  B
 0.432641166  1  1  1  B
 0.439046184  1  1  2  B
 0.469500727  1  1  3  B
 0.469501073  1  1  0  B
 0.490467853  1  1  1  B
 0.501299022  1  1  2  B
 0.514062860  1  1  3  B
 0.514063233  1  1  0  B
 0.524514558  1  1  1  B
 0.524515361  1  1  2  B
 0.547102770  1  1  3  B
 0.547102962  1  1  0  B
 0.565684577  1  1  1  B
 0.565684986  1  1  2  B
 0.600120425  1  1  3  B
 0.600120685  1  1  0  B
 0.649396997  1  1  1  B
 0.649398293  1  1  2  B
 0.671767427  1  1  3  B
 0.671767637  1  1  0  B
 0.709209099  1  1  1  B
 0.711451242  1  1  2  B
 0.741689600  1  1  3  B
 0.741689860  1  1  0  B
 0.779451448  1  1  1  B
 0.819685276  1  1  2  B
 0.853909780  1  1  3  B
 0.853910174  1  1  0  B
 0.895022870  1  1  1  B
 0.895024098  1  1  2  B
 0.934795117  1  1  3  B
 0.934795886  1  1  0  B
 0.968790315  1  1  1  B
 0.978453302  1  1  2  B
 0.990187987  1  1  3  B
 0.990188414  1  1  0  B
 1.020111433  1  1  1  B
 1.020112524  1  1  2  B
 1.033946748  1  1  3  B
 1.033947813  1  1  0  B
 1.052682940  1  1  1  B
 1.052684131  1  1  2  B
 1.083790307  1  1  3  B
 1.083791390  1  1  0  B
 1.111853915  1  1  1  B
 1.111855118  1  1  2  B
 1.146333193  1  1  3  B
 1.146334271  1  1  0  B
 1.178835577  1  1  1  B
 1.178836978  1  1  2  B
 1.209159709  1  1  3  B
 1.209160268  1  1  0  B
 1.244206131  1  1  1  B
 1.244206355  1  1  2  B
 1.283968247  1  1  3  B
 1.283968656  1  1  0  B
 1.317069879  1  1  1  B
 1.317071013  1  1  2  B
 1.328432689  1  1  3  B
 1.328433609  1  1  0  B
 1.355747800  1  1  1  B
 1.355748914  1  1  2  B
 1.389869214  1  1  3  B
 1.389870398  1  1  0  B
 1.434867221  1  1  1  B
 1.434868266  1  1  2  B
 1.464095647  1  1  3  B
 1.464096109  1  1  0  B
-1  2  2  4 LOCAL_SECTION;ENTRY_PROTOCOL;CRITICAL_SECTION;EXIT_PROTOCOL;EXTRA_LABEL;
