0.000019 1 1 0 B
0.028350 1 1 1 B
0.073259 1 1 2 B
0.098977 1 1 3 B
0.100225 1 1 0 B
0.120853 1 1 1 B
0.162805 1 1 2 B
0.207558 1 1 3 B
0.208822 1 1 0 B
0.246738 1 1 1 B
0.246739 1 1 2 B
0.290120 1 1 3 B
0.291337 1 1 0 B
0.336628 1 1 1 B
0.336629 1 1 2 B
0.372636 1 1 3 B
0.374127 1 1 0 B
0.397374 1 1 1 B
0.397375 1 1 2 B
0.431839 1 1 3 B
0.433056 1 1 0 B
0.464601 1 1 1 B
0.464601 1 1 2 B
0.480812 1 1 3 B
0.481926 1 1 0 B
0.502577 1 1 1 B
0.547373 1 1 2 B
0.597796 1 1 3 B
0.598933 1 1 0 B
0.617161 1 1 1 B
0.617162 1 1 2 B
0.666584 1 1 3 B
0.667747 1 1 0 B
0.697258 1 1 1 B
0.742419 1 1 2 B
0.772646 1 1 3 B
0.773718 1 1 0 B
0.820157 1 1 1 B
0.849873 1 1 2 B
0.898976 1 1 3 B
0.900140 1 1 0 B
0.911739 1 1 1 B
0.951508 1 1 2 B
0.998023 1 1 3 B
0.999131 1 1 0 B
1.014333 1 1 1 B
1.014333 1 1 2 B
1.037742 1 1 3 B
1.038880 1 1 0 B
1.077166 1 1 1 B
1.077166 1 1 2 B
1.096333 1 1 3 B
1.097501 1 1 0 B
1.147147 1 1 1 B
1.147147 1 1 2 B
1.185350 1 1 3 B
1.186457 1 1 0 B
1.217687 1 1 1 B
1.217687 1 1 2 B
1.252349 1 1 3 B
1.253491 1 1 0 B
1.299075 1 1 1 B
1.348735 1 1 2 B
1.396595 1 1 3 B
1.397705 1 1 0 B
1.414837 1 1 1 B
1.414838 1 1 2 B
1.432361 1 1 3 B
1.433556 1 1 0 B
1.450474 1 1 1 B
1.450475 1 1 2 B
1.464600 1 1 3 B
1.465680 1 1 0 B
1.495418 1 1 1 B
1.554600 1 1 2 B
1.588022 1 1 3 B
1.589121 1 1 0 B
1.631786 1 1 1 B
1.662648 1 1 2 B
1.702836 1 1 3 B
1.703979 1 1 0 B
1.723338 1 1 1 B
1.723339 1 1 2 B
1.768152 1 1 3 B
1.769293 1 1 0 B
1.813247 1 1 1 B
1.906762 1 1 2 B
1.936159 1 1 3 B
1.937262 1 1 0 B
1.979984 1 1 1 B
2.015240 1 1 2 B
2.036453 1 1 3 B
2.037518 1 1 0 B
2.063921 1 1 1 B
2.100426 1 1 2 B
2.137150 1 1 3 B
2.138546 1 1 0 B
2.163281 1 1 1 B
2.194969 1 1 2 B
2.229136 1 1 3 B
2.230309 1 1 0 B
0.000035 0 0 0 A
0.014198 0 0 1 A
0.014198 0 0 2 A
0.047951 0 0 3 A
0.049033 0 0 0 A
0.079616 0 0 1 A
0.116488 0 0 2 A
0.137400 0 0 3 A
0.138535 0 0 0 A
0.167153 0 0 1 A
0.207886 0 0 2 A
0.245394 0 0 3 A
0.246805 0 0 0 A
0.294962 0 0 1 A
0.294963 0 0 2 A
0.327154 0 0 3 A
0.328292 0 0 0 A
0.339992 0 0 1 A
0.431840 0 0 2 A
0.446356 0 0 3 A
0.447477 0 0 0 A
0.491226 0 0 1 A
0.491227 0 0 2 A
0.536988 0 0 3 A
0.538078 0 0 0 A
0.578520 0 0 1 A
0.666587 0 0 2 A
0.679969 0 0 3 A
0.681031 0 0 0 A
0.695140 0 0 1 A
0.695140 0 0 2 A
0.742418 0 0 3 A
0.743542 0 0 0 A
0.782921 0 0 1 A
0.782922 0 0 2 A
0.830511 0 0 3 A
0.831618 0 0 0 A
0.858223 0 0 1 A
0.904408 0 0 2 A
0.948263 0 0 3 A
0.949352 0 0 0 A
0.977687 0 0 1 A
1.037744 0 0 2 A
1.065994 0 0 3 A
1.067056 0 0 0 A
1.110987 0 0 1 A
1.110988 0 0 2 A
1.140257 0 0 3 A
1.141418 0 0 0 A
1.187639 0 0 1 A
1.187639 0 0 2 A
1.206952 0 0 3 A
1.208249 0 0 0 A
1.237009 0 0 1 A
1.286741 0 0 2 A
1.326370 0 0 3 A
1.327502 0 0 0 A
1.361009 0 0 1 A
1.432364 0 0 2 A
1.445085 0 0 3 A
1.446258 0 0 0 A
1.490125 0 0 1 A
1.490126 0 0 2 A
1.512708 0 0 3 A
1.513836 0 0 0 A
1.534068 0 0 1 A
1.534069 0 0 2 A
1.554599 0 0 3 A
1.555673 0 0 0 A
1.580824 0 0 1 A
1.619327 0 0 2 A
1.655234 0 0 3 A
1.656397 0 0 0 A
1.703982 0 0 1 A
1.703982 0 0 2 A
1.717081 0 0 3 A
1.718183 0 0 0 A
1.745668 0 0 1 A
1.805020 0 0 2 A
1.849774 0 0 3 A
1.850946 0 0 0 A
1.872168 0 0 1 A
1.872169 0 0 2 A
1.906760 0 0 3 A
1.907900 0 0 0 A
1.943416 0 0 1 A
1.943416 0 0 2 A
1.956526 0 0 3 A
1.957634 0 0 0 A
1.974739 0 0 1 A
1.974739 0 0 2 A
2.015012 0 0 3 A
2.016303 0 0 0 A
2.048693 0 0 1 A
2.048693 0 0 2 A
2.096130 0 0 3 A
2.097251 0 0 0 A
2.121686 0 0 1 A
2.144943 0 0 2 A
2.184604 0 0 3 A
2.185731 0 0 0 A
-1 2 2 4 LOCAL_SECTION;ENTRY_PROTOCOL;CRITICAL_SECTION;EXIT_PROTOCOL;
