 0.002355647  5  5  0  F
 0.042342055  5  5  1  F
 0.369549491  5  5  2  F
 0.388180409  5  5  3  F
 0.388183224  5  5  0  F
 0.435377257  5  5  1  F
 0.818939953  5  5  2  F
 0.854046825  5  5  3  F
 0.854047699  5  5  0  F
 0.892427115  5  5  1  F
 1.326144763  5  5  2  F
 1.343524757  5  5  3  F
 1.343535976  5  5  0  F
 1.353958538  5  5  1  F
 1.766777598  5  5  2  F
 1.790186667  5  5  3  F
 1.790187627  5  5  0  F
 1.807443830  5  5  1  F
 2.170479467  5  5  2  F
 2.193141913  5  5  3  F
 2.193156553  5  5  0  F
 2.219116995  5  5  1  F
 2.576796277  5  5  2  F
 2.610508147  5  5  3  F
 2.610508775  5  5  0  F
 2.643770961  5  5  1  F
 3.051875750  5  5  2  F
 3.068791009  5  5  3  F
 3.068793189  5  5  0  F
 3.106708970  5  5  1  F
 3.431001008  5  5  2  F
 3.461343202  5  5  3  F
 3.461344233  5  5  0  F
 3.511222728  5  5  1  F
 3.947258502  5  5  2  F
 3.978225966  5  5  3  F
 3.978252837  5  5  0  F
 4.019685996  5  5  1  F
 4.372269197  5  5  2  F
 4.414727931  5  5  3  F
 4.414734269  5  5  0  F
 4.447605403  5  5  1  F
 4.827450016  5  5  2  F
 4.866092746  5  5  3  F
 4.866097439  5  5  0  F
 4.909376458  5  5  1  F
 5.269540279  5  5  2  F
 5.312679571  5  5  3  F
 5.312688321  5  5  0  F
 5.326270218  5  5  1  F
 5.745624779  5  5  2  F
 5.783990188  5  5  3  F
 5.783991139  5  5  0  F
 5.795679340  5  5  1  F
 6.182565362  5  5  2  F
 6.230064826  5  5  3  F
 6.230069644  5  5  0  F
 0.002686414  9  9  0  J
 0.051455276  9  9  1  J
 0.479250174  9  9  2  J
 0.510020256  9  9  3  J
 0.510056079  9  9  0  J
 0.554285908  9  9  1  J
 0.917676260  9  9  2  J
 0.937618593  9  9  3  J
 0.937694019  9  9  0  J
 0.970282487  9  9  1  J
 1.425518370  9  9  2  J
 1.474379873  9  9  3  J
 1.474401274  9  9  0  J
 1.517794030  9  9  1  J
 1.881135182  9  9  2  J
 1.918510628  9  9  3  J
 1.918532691  9  9  0  J
 1.938250821  9  9  1  J
 2.293397810  9  9  2  J
 2.333726572  9  9  3  J
 2.333730696  9  9  0  J
 2.364114159  9  9  1  J
 2.704363786  9  9  2  J
 2.718369630  9  9  3  J
 2.718375951  9  9  0  J
 2.753053135  9  9  1  J
 3.131148506  9  9  2  J
 3.153106923  9  9  3  J
 3.153110178  9  9  0  J
 3.183317506  9  9  1  J
 3.554562053  9  9  2  J
 3.598516805  9  9  3  J
 3.598519152  9  9  0  J
 3.622273097  9  9  1  J
 4.057108851  9  9  2  J
 4.100609148  9  9  3  J
 4.100623660  9  9  0  J
 4.125236514  9  9  1  J
 4.508653087  9  9  2  J
 4.552358988  9  9  3  J
 4.552369097  9  9  0  J
 4.592655413  9  9  1  J
 4.928090585  9  9  2  J
 4.942487953  9  9  3  J
 4.942489164  9  9  0  J
 4.975043193  9  9  1  J
 5.380170109  9  9  2  J
 5.404354631  9  9  3  J
 5.404355185  9  9  0  J
 5.415595033  9  9  1  J
 5.824640207  9  9  2  J
 5.836405086  9  9  3  J
 5.836405718  9  9  0  J
 5.867256162  9  9  1  J
 6.243659929  9  9  2  J
 6.273819343  9  9  3  J
 6.273892289  9  9  0  J
 0.002189757  3  3  0  D
 0.045342287  3  3  1  D
 0.388255439  3  3  2  D
 0.430076704  3  3  3  D
 0.430081594  3  3  0  D
 0.464247555  3  3  1  D
 0.854160206  3  3  2  D
 0.897303126  3  3  3  D
 0.897303687  3  3  0  D
 0.939659845  3  3  1  D
 1.387218805  3  3  2  D
 1.425426539  3  3  3  D
 1.425428583  3  3  0  D
 1.459160971  3  3  1  D
 1.852055047  3  3  2  D
 1.880950252  3  3  3  D
 1.880969631  3  3  0  D
 1.897776876  3  3  1  D
 2.260268243  3  3  2  D
 2.293272424  3  3  3  D
 2.293277145  3  3  0  D
 2.305350892  3  3  1  D
 2.693149711  3  3  2  D
 2.704336352  3  3  3  D
 2.704338716  3  3  0  D
 2.752277498  3  3  1  D
 3.113776712  3  3  2  D
 3.131016078  3  3  3  D
 3.131022217  3  3  0  D
 3.162228175  3  3  1  D
 3.529228275  3  3  2  D
 3.554491157  3  3  3  D
 3.554491906  3  3  0  D
 3.574988628  3  3  1  D
 4.025317267  3  3  2  D
 4.057006035  3  3  3  D
 4.057014738  3  3  0  D
 4.092390075  3  3  1  D
 4.467152646  3  3  2  D
 4.508555630  3  3  3  D
 4.508556317  3  3  0  D
 4.542931770  3  3  1  D
 4.913608150  3  3  2  D
 4.927985144  3  3  3  D
 4.927986160  3  3  0  D
 4.962138869  3  3  1  D
 5.358189338  3  3  2  D
 5.380044245  3  3  3  D
 5.380061813  3  3  0  D
 5.427643477  3  3  1  D
 5.836451214  3  3  2  D
 5.884262943  3  3  3  D
 5.884269561  3  3  0  D
 5.916256294  3  3  1  D
 6.287325982  3  3  2  D
 6.321717348  3  3  3  D
 6.321739403  3  3  0  D
 0.002532340  7  7  0  H
 0.026348227  7  7  1  H
 0.200729970  7  7  2  H
 0.247111949  7  7  3  H
 0.247124243  7  7  0  H
 0.258341039  7  7  1  H
 0.670386109  7  7  2  H
 0.714151636  7  7  3  H
 0.714160430  7  7  0  H
 0.747454035  7  7  1  H
 1.171792361  7  7  2  H
 1.217059328  7  7  3  H
 1.217069879  7  7  0  H
 1.262385264  7  7  1  H
 1.668849860  7  7  2  H
 1.694817968  7  7  3  H
 1.694823972  7  7  0  H
 1.726546536  7  7  1  H
 2.077632823  7  7  2  H
 2.105102421  7  7  3  H
 2.105106588  7  7  0  H
 2.143250272  7  7  1  H
 2.474953933  7  7  2  H
 2.517347278  7  7  3  H
 2.517353460  7  7  0  H
 2.561692318  7  7  1  H
 2.900066864  7  7  2  H
 2.935251015  7  7  3  H
 2.935251551  7  7  0  H
 2.984574348  7  7  1  H
 3.355986225  7  7  2  H
 3.374106523  7  7  3  H
 3.374119073  7  7  0  H
 3.412768189  7  7  1  H
 3.845597102  7  7  2  H
 3.866214189  7  7  3  H
 3.866214884  7  7  0  H
 3.905649864  7  7  1  H
 4.281853881  7  7  2  H
 4.326941397  7  7  3  H
 4.326946174  7  7  0  H
 4.355953569  7  7  1  H
 4.755628902  7  7  2  H
 4.780044455  7  7  3  H
 4.780050818  7  7  0  H
 4.792317473  7  7  1  H
 5.110865664  7  7  2  H
 5.153159106  7  7  3  H
 5.153160020  7  7  0  H
 5.164486027  7  7  1  H
 5.621555696  7  7  2  H
 5.651755237  7  7  3  H
 5.651800280  7  7  0  H
 5.662444583  7  7  1  H
 6.089959560  7  7  2  H
 6.123701690  7  7  3  H
 6.123707617  7  7  0  H
 6.145823239  7  7  1  H
 6.557298577  7  7  2  H
 6.586653022  7  7  3  H
 6.586676992  7  7  0  H
 0.002573988  8  8  0  I
 0.020240182  8  8  1  I
 0.063658549  8  8  2  I
 0.100400919  8  8  3  I
 0.100405817  8  8  0  I
 0.138251407  8  8  1  I
 0.545991873  8  8  2  I
 0.558612394  8  8  3  I
 0.558620137  8  8  0  I
 0.585431927  8  8  1  I
 1.009862882  8  8  2  I
 1.050144394  8  8  3  I
 1.050145621  8  8  0  I
 1.077256644  8  8  1  I
 1.526417955  8  8  2  I
 1.555367471  8  8  3  I
 1.555372520  8  8  0  I
 1.570127751  8  8  1  I
 1.968432788  8  8  2  I
 2.013537608  8  8  3  I
 2.013543034  8  8  0  I
 2.049465425  8  8  1  I
 2.391656298  8  8  2  I
 2.402638685  8  8  3  I
 2.402639627  8  8  0  I
 2.432822473  8  8  1  I
 2.766369828  8  8  2  I
 2.800009806  8  8  3  I
 2.800010430  8  8  0  I
 2.825549785  8  8  1  I
 3.229489676  8  8  2  I
 3.274958619  8  8  3  I
 3.274962119  8  8  0  I
 3.296459804  8  8  1  I
 3.682121239  8  8  2  I
 3.715725174  8  8  3  I
 3.715736665  8  8  0  I
 3.737176240  8  8  1  I
 4.143799387  8  8  2  I
 4.182045859  8  8  3  I
 4.182072795  8  8  0  I
 4.211737828  8  8  1  I
 4.637118678  8  8  2  I
 4.655587996  8  8  3  I
 4.655592336  8  8  0  I
 4.696321834  8  8  1  I
 5.019269163  8  8  2  I
 5.042718984  8  8  3  I
 5.042725573  8  8  0  I
 5.064408593  8  8  1  I
 5.454695015  8  8  2  I
 5.483645385  8  8  3  I
 5.483654376  8  8  0  I
 5.500478221  8  8  1  I
 5.952387350  8  8  2  I
 6.001184673  8  8  3  I
 6.001205633  8  8  0  I
 6.032459428  8  8  1  I
 6.418706415  8  8  2  I
 6.453979841  8  8  3  I
 6.453983567  8  8  0  I
 6.497573247  8  8  1  I
 6.777628633  8  8  2  I
 6.796984138  8  8  3  I
 6.796985157  8  8  0  I
 0.002736554  10  10  0  K
 0.027248972  10  10  1  K
 0.247213455  10  10  2  K
 0.273784125  10  10  3  K
 0.273824343  10  10  0  K
 0.291142805  10  10  1  K
 0.714231786  10  10  2  K
 0.745442508  10  10  3  K
 0.745475904  10  10  0  K
 0.757707986  10  10  1  K
 1.217112531  10  10  2  K
 1.238564451  10  10  3  K
 1.238565204  10  10  0  K
 1.266862532  10  10  1  K
 1.694958793  10  10  2  K
 1.713735125  10  10  3  K
 1.713739684  10  10  0  K
 1.751633379  10  10  1  K
 2.105155309  10  10  2  K
 2.130840047  10  10  3  K
 2.130853443  10  10  0  K
 2.173379689  10  10  1  K
 2.517395661  10  10  2  K
 2.547249149  10  10  3  K
 2.547249699  10  10  0  K
 2.596179118  10  10  1  K
 2.985404425  10  10  2  K
 3.018379322  10  10  3  K
 3.018382427  10  10  0  K
 3.066458611  10  10  1  K
 3.384333691  10  10  2  K
 3.397993568  10  10  3  K
 3.397995426  10  10  0  K
 3.438620833  10  10  1  K
 3.866280736  10  10  2  K
 3.899366207  10  10  3  K
 3.899369166  10  10  0  K
 3.944163504  10  10  1  K
 4.326960813  10  10  2  K
 4.338706410  10  10  3  K
 4.338715310  10  10  0  K
 4.356540732  10  10  1  K
 4.780093962  10  10  2  K
 4.803519140  10  10  3  K
 4.803522242  10  10  0  K
 4.828243137  10  10  1  K
 5.201136562  10  10  2  K
 5.245917794  10  10  3  K
 5.245927161  10  10  0  K
 5.256897636  10  10  1  K
 5.683446094  10  10  2  K
 5.710456554  10  10  3  K
 5.710485597  10  10  0  K
 5.757706752  10  10  1  K
 6.135769470  10  10  2  K
 6.160614311  10  10  3  K
 6.160619978  10  10  0  K
 6.200213355  10  10  1  K
 6.611114565  10  10  2  K
 6.650025323  10  10  3  K
 6.650027849  10  10  0  K
 6.676771949  10  10  1  K
 6.885966116  10  10  2  K
 6.931626072  10  10  3  K
 6.931627175  10  10  0  K
 0.002103853  1  1  0  B
 0.050950262  1  1  1  B
 0.430116524  1  1  2  B
 0.479113013  1  1  3  B
 0.479129195  1  1  0  B
 0.499496731  1  1  1  B
 0.897451925  1  1  2  B
 0.917452816  1  1  3  B
 0.917477007  1  1  0  B
 0.939061018  1  1  1  B
 1.343585011  1  1  2  B
 1.387156389  1  1  3  B
 1.387157340  1  1  0  B
 1.398063547  1  1  1  B
 1.816027873  1  1  2  B
 1.851982715  1  1  3  B
 1.851986743  1  1  0  B
 1.879038628  1  1  1  B
 2.217490013  1  1  2  B
 2.260192676  1  1  3  B
 2.260195306  1  1  0  B
 2.303800441  1  1  1  B
 2.650153296  1  1  2  B
 2.693018489  1  1  3  B
 2.693023855  1  1  0  B
 2.703696241  1  1  1  B
 3.091812607  1  1  2  B
 3.113707401  1  1  3  B
 3.113716729  1  1  0  B
 3.131330736  1  1  1  B
 3.489292317  1  1  2  B
 3.529190536  1  1  3  B
 3.529191251  1  1  0  B
 3.541532598  1  1  1  B
 4.012910773  1  1  2  B
 4.025270294  1  1  3  B
 4.025271207  1  1  0  B
 4.071327368  1  1  1  B
 4.434073578  1  1  2  B
 4.467009201  1  1  3  B
 4.467009866  1  1  0  B
 4.507669975  1  1  1  B
 4.899276968  1  1  2  B
 4.913527308  1  1  3  B
 4.913533189  1  1  0  B
 4.948593336  1  1  1  B
 5.324748909  1  1  2  B
 5.358094645  1  1  3  B
 5.358104084  1  1  0  B
 5.384902727  1  1  1  B
 5.796576842  1  1  2  B
 5.824523471  1  1  3  B
 5.824526133  1  1  0  B
 5.872844929  1  1  1  B
 6.273856945  1  1  2  B
 6.287203142  1  1  3  B
 6.287207344  1  1  0  B
 6.308094262  1  1  1  B
 6.703870210  1  1  2  B
 6.722728317  1  1  3  B
 6.722736545  1  1  0  B
 6.740943645  1  1  1  B
 6.971741075  1  1  2  B
 6.984819134  1  1  3  B
 6.984845700  1  1  0  B
 7.013674427  1  1  1  B
 7.183490449  1  1  2  B
 7.215405788  1  1  3  B
 7.215406364  1  1  0  B
 7.249714285  1  1  1  B
 7.475464962  1  1  2  B
 7.493095387  1  1  3  B
 7.493095905  1  1  0  B
 0.002821745  12  12  0  M
 0.026073742  12  12  1  M
 0.182991111  12  12  2  M
 0.200714269  12  12  3  M
 0.200720673  12  12  0  M
 0.248403302  12  12  1  M
 0.656053407  12  12  2  M
 0.670348479  12  12  3  M
 0.670350729  12  12  0  M
 0.697762408  12  12  1  M
 1.135222016  12  12  2  M
 1.171730037  12  12  3  M
 1.171740815  12  12  0  M
 1.221347302  12  12  1  M
 1.624841905  12  12  2  M
 1.668833081  12  12  3  M
 1.668839562  12  12  0  M
 1.711440892  12  12  1  M
 2.037072579  12  12  2  M
 2.077623376  12  12  3  M
 2.077624248  12  12  0  M
 2.090625196  12  12  1  M
 2.458280567  12  12  2  M
 2.474889290  12  12  3  M
 2.474893905  12  12  0  M
 2.485524050  12  12  1  M
 2.838690333  12  12  2  M
 2.882462249  12  12  3  M
 2.882484685  12  12  0  M
 2.927977332  12  12  1  M
 3.327335894  12  12  2  M
 3.355904475  12  12  3  M
 3.355928804  12  12  0  M
 3.388866141  12  12  1  M
 3.783888421  12  12  2  M
 3.825294339  12  12  3  M
 3.825296082  12  12  0  M
 3.872814005  12  12  1  M
 4.267800549  12  12  2  M
 4.281804052  12  12  3  M
 4.281831694  12  12  0  M
 4.318357957  12  12  1  M
 4.724566680  12  12  2  M
 4.755586189  12  12  3  M
 4.755599395  12  12  0  M
 4.804530773  12  12  1  M
 5.153189106  12  12  2  M
 5.201092806  12  12  3  M
 5.201100579  12  12  0  M
 5.211535427  12  12  1  M
 5.651897406  12  12  2  M
 5.683419165  12  12  3  M
 5.683424275  12  12  0  M
 5.719693919  12  12  1  M
 6.123749231  12  12  2  M
 6.135721246  12  12  3  M
 6.135721803  12  12  0  M
 6.172400098  12  12  1  M
 6.586798502  12  12  2  M
 6.611103378  12  12  3  M
 6.611114984  12  12  0  M
 6.640206428  12  12  1  M
 6.871695949  12  12  2  M
 6.885945841  12  12  3  M
 6.885965373  12  12  0  M
 6.907731722  12  12  1  M
 7.127983538  12  12  2  M
 7.139046245  12  12  3  M
 7.139048762  12  12  0  M
 7.182111979  12  12  1  M
 7.407537698  12  12  2  M
 7.434075814  12  12  3  M
 7.434084360  12  12  0  M
 7.448770685  12  12  1  M
 7.619250094  12  12  2  M
 7.653374730  12  12  3  M
 7.653392473  12  12  0  M
 0.002905333  14  14  0  O
 0.014163343  14  14  1  O
 0.014167324  14  14  2  O
 0.024472717  14  14  3  O
 0.024475584  14  14  0  O
 0.067848778  14  14  1  O
 0.510071328  14  14  2  O
 0.522442488  14  14  3  O
 0.522450670  14  14  0  O
 0.562466324  14  14  1  O
 0.966058556  14  14  2  O
 1.009847534  14  14  3  O
 1.009853655  14  14  0  O
 1.034239201  14  14  1  O
 1.484905091  14  14  2  O
 1.526389413  14  14  3  O
 1.526394671  14  14  0  O
 1.536478208  14  14  1  O
 1.954755622  14  14  2  O
 1.968407678  14  14  3  O
 1.968425126  14  14  0  O
 2.009776967  14  14  1  O
 2.353023807  14  14  2  O
 2.391607661  14  14  3  O
 2.391611072  14  14  0  O
 2.424260487  14  14  1  O
 2.746465051  14  14  2  O
 2.766349594  14  14  3  O
 2.766353485  14  14  0  O
 2.789376943  14  14  1  O
 3.153252203  14  14  2  O
 3.200788908  14  14  3  O
 3.200794919  14  14  0  O
 3.226758857  14  14  1  O
 3.598696196  14  14  2  O
 3.642164850  14  14  3  O
 3.642176152  14  14  0  O
 3.667572000  14  14  1  O
 4.100711293  14  14  2  O
 4.114800268  14  14  3  O
 4.114803724  14  14  0  O
 4.130919512  14  14  1  O
 4.552484362  14  14  2  O
 4.597326058  14  14  3  O
 4.597326756  14  14  0  O
 4.627710781  14  14  1  O
 4.942579533  14  14  2  O
 4.963496481  14  14  3  O
 4.963497162  14  14  0  O
 4.985007834  14  14  1  O
 5.404427240  14  14  2  O
 5.441609234  14  14  3  O
 5.441610791  14  14  0  O
 5.479753371  14  14  1  O
 5.884336948  14  14  2  O
 5.903195679  14  14  3  O
 5.903196584  14  14  0  O
 5.941021501  14  14  1  O
 6.321864293  14  14  2  O
 6.371122445  14  14  3  O
 6.371131380  14  14  0  O
 6.406431802  14  14  1  O
 6.722850291  14  14  2  O
 6.745902323  14  14  3  O
 6.745909586  14  14  0  O
 6.784740792  14  14  1  O
 7.023739256  14  14  2  O
 7.060533311  14  14  3  O
 7.060548022  14  14  0  O
 7.089502904  14  14  1  O
 7.243954624  14  14  2  O
 7.285914905  14  14  3  O
 7.285918205  14  14  0  O
 7.297866425  14  14  1  O
 7.524324707  14  14  2  O
 7.546385558  14  14  3  O
 7.546388463  14  14  0  O
 7.571722070  14  14  1  O
 7.748158121  14  14  2  O
 7.771189461  14  14  3  O
 7.771191506  14  14  0  O
 7.794650867  14  14  1  O
 7.979433190  14  14  2  O
 8.006554673  14  14  3  O
 8.006561304  14  14  0  O
 0.002235690  4  4  0  E
 0.025219148  4  4  1  E
 0.132937950  4  4  2  E
 0.182822993  4  4  3  E
 0.182823567  4  4  0  E
 0.231872238  4  4  1  E
 0.606657701  4  4  2  E
 0.655960816  4  4  3  E
 0.655964279  4  4  0  E
 0.666234779  4  4  1  E
 1.099633436  4  4  2  E
 1.135054629  4  4  3  E
 1.135069832  4  4  0  E
 1.168852779  4  4  1  E
 1.602531378  4  4  2  E
 1.624730337  4  4  3  E
 1.624734518  4  4  0  E
 1.670897232  4  4  1  E
 2.025931718  4  4  2  E
 2.036884633  4  4  3  E
 2.036913535  4  4  0  E
 2.058238119  4  4  1  E
 2.415056522  4  4  2  E
 2.458234162  4  4  3  E
 2.458237886  4  4  0  E
 2.494239685  4  4  1  E
 2.882559979  4  4  2  E
 2.899858987  4  4  3  E
 2.899868847  4  4  0  E
 2.913386424  4  4  1  E
 3.304923430  4  4  2  E
 3.327186512  4  4  3  E
 3.327195407  4  4  0  E
 3.352489398  4  4  1  E
 3.754673317  4  4  2  E
 3.783829173  4  4  3  E
 3.783839547  4  4  0  E
 3.808351948  4  4  1  E
 4.208811437  4  4  2  E
 4.253502029  4  4  3  E
 4.253503387  4  4  0  E
 4.274822148  4  4  1  E
 4.667058121  4  4  2  E
 4.692405126  4  4  3  E
 4.692407149  4  4  0  E
 4.705369146  4  4  1  E
 5.042767285  4  4  2  E
 5.080230609  4  4  3  E
 5.080233845  4  4  0  E
 5.130134652  4  4  1  E
 5.531300312  4  4  2  E
 5.573768422  4  4  3  E
 5.573770372  4  4  0  E
 5.609544578  4  4  1  E
 6.032224912  4  4  2  E
 6.045522934  4  4  3  E
 6.045528481  4  4  0  E
 6.092497406  4  4  1  E
 6.492827390  4  4  2  E
 6.517768884  4  4  3  E
 6.517769418  4  4  0  E
 6.562976968  4  4  1  E
 6.811524233  4  4  2  E
 6.833944481  4  4  3  E
 6.833954920  4  4  0  E
 6.873824091  4  4  1  E
 7.107449186  4  4  2  E
 7.127948404  4  4  3  E
 7.127951845  4  4  0  E
 7.170323028  4  4  1  E
 7.358693614  4  4  2  E
 7.407498125  4  4  3  E
 7.407524068  4  4  0  E
 7.418484479  4  4  1  E
 7.601643084  4  4  2  E
 7.619236011  4  4  3  E
 7.619236690  4  4  0  E
 7.645559833  4  4  1  E
 7.827327226  4  4  2  E
 7.854491712  4  4  3  E
 7.854497736  4  4  0  E
 7.894189400  4  4  1  E
 8.060620893  4  4  2  E
 8.090043242  4  4  3  E
 8.090044575  4  4  0  E
 0.002780009  11  11  0  L
 0.016988607  11  11  1  L
 0.024477881  11  11  2  L
 0.063620409  11  11  3  L
 0.063620984  11  11  0  L
 0.086487956  11  11  1  L
 0.522462112  11  11  2  L
 0.545929285  11  11  3  L
 0.545931858  11  11  0  L
 0.561785139  11  11  1  L
 0.937750871  11  11  2  L
 0.966030121  11  11  3  L
 0.966034393  11  11  0  L
 0.976680988  11  11  1  L
 1.474467479  11  11  2  L
 1.484833368  11  11  3  L
 1.484839512  11  11  0  L
 1.534823153  11  11  1  L
 1.918573946  11  11  2  L
 1.954729645  11  11  3  L
 1.954730232  11  11  0  L
 1.983193193  11  11  1  L
 2.333802934  11  11  2  L
 2.353003170  11  11  3  L
 2.353013620  11  11  0  L
 2.394249845  11  11  1  L
 2.718437127  11  11  2  L
 2.746433426  11  11  3  L
 2.746436696  11  11  0  L
 2.793840343  11  11  1  L
 3.200809328  11  11  2  L
 3.229455282  11  11  3  L
 3.229456982  11  11  0  L
 3.255374939  11  11  1  L
 3.642197267  11  11  2  L
 3.682079261  11  11  3  L
 3.682082378  11  11  0  L
 3.719796914  11  11  1  L
 4.114801761  11  11  2  L
 4.143772133  11  11  3  L
 4.143784233  11  11  0  L
 4.190209229  11  11  1  L
 4.597328976  11  11  2  L
 4.637065990  11  11  3  L
 4.637080910  11  11  0  L
 4.674082900  11  11  1  L
 4.963521798  11  11  2  L
 4.979808238  11  11  3  L
 4.979809002  11  11  0  L
 5.028655675  11  11  1  L
 5.441619512  11  11  2  L
 5.454692022  11  11  3  L
 5.454692640  11  11  0  L
 5.497184803  11  11  1  L
 5.903208851  11  11  2  L
 5.952356527  11  11  3  L
 5.952371154  11  11  0  L
 5.984171945  11  11  1  L
 6.371143182  11  11  2  L
 6.418656647  11  11  3  L
 6.418679045  11  11  0  L
 6.445327799  11  11  1  L
 6.745917949  11  11  2  L
 6.777600550  11  11  3  L
 6.777602707  11  11  0  L
 6.804718951  11  11  1  L
 7.060557553  11  11  2  L
 7.076182113  11  11  3  L
 7.076184038  11  11  0  L
 7.123782552  11  11  1  L
 7.285927153  11  11  2  L
 7.327986319  11  11  3  L
 7.327987961  11  11  0  L
 7.340531945  11  11  1  L
 7.546388342  11  11  2  L
 7.584434683  11  11  3  L
 7.584435493  11  11  0  L
 7.632180971  11  11  1  L
 7.771199486  11  11  2  L
 7.814086176  11  11  3  L
 7.814097004  11  11  0  L
 7.844336569  11  11  1  L
 8.006563326  11  11  2  L
 8.030820579  11  11  3  L
 8.030821638  11  11  0  L
 8.079880185  11  11  1  L
 8.151602506  11  11  2  L
 8.167230868  11  11  3  L
 8.167232391  11  11  0  L
 0.002477076  6  6  0  G
 0.028848033  6  6  1  G
 0.273864360  6  6  2  G
 0.305015586  6  6  3  G
 0.305016861  6  6  0  G
 0.340881613  6  6  1  G
 0.745484774  6  6  2  G
 0.777692434  6  6  3  G
 0.777692982  6  6  0  G
 0.798900831  6  6  1  G
 1.238636432  6  6  2  G
 1.283717561  6  6  3  G
 1.283744212  6  6  0  G
 1.297214889  6  6  1  G
 1.713789683  6  6  2  G
 1.733147529  6  6  3  G
 1.733151521  6  6  0  G
 1.775104753  6  6  1  G
 2.130923244  6  6  2  G
 2.148868648  6  6  3  G
 2.148870516  6  6  0  G
 2.181568491  6  6  1  G
 2.547277382  6  6  2  G
 2.559310384  6  6  3  G
 2.559312552  6  6  0  G
 2.579864011  6  6  1  G
 2.935287783  6  6  2  G
 2.985283735  6  6  3  G
 2.985287900  6  6  0  G
 3.022750583  6  6  1  G
 3.374158293  6  6  2  G
 3.384290745  6  6  3  G
 3.384297988  6  6  0  G
 3.407124848  6  6  1  G
 3.825330368  6  6  2  G
 3.845475491  6  6  3  G
 3.845487551  6  6  0  G
 3.871059598  6  6  1  G
 4.253640413  6  6  2  G
 4.267658551  6  6  3  G
 4.267668038  6  6  0  G
 4.309997798  6  6  1  G
 4.692443981  6  6  2  G
 4.724460813  6  6  3  G
 4.724462166  6  6  0  G
 4.743695016  6  6  1  G
 5.080338879  6  6  2  G
 5.110798906  6  6  3  G
 5.110811182  6  6  0  G
 5.151767292  6  6  1  G
 5.573847418  6  6  2  G
 5.621418571  6  6  3  G
 5.621427427  6  6  0  G
 5.636100374  6  6  1  G
 6.045551540  6  6  2  G
 6.089888190  6  6  3  G
 6.089894714  6  6  0  G
 6.128771743  6  6  1  G
 6.517780382  6  6  2  G
 6.557248705  6  6  3  G
 6.557250575  6  6  0  G
 6.593170115  6  6  1  G
 6.833971601  6  6  2  G
 6.871661828  6  6  3  G
 6.871663257  6  6  0  G
 6.910653162  6  6  1  G
 7.139059194  6  6  2  G
 7.166691075  6  6  3  G
 7.166697026  6  6  0  G
 7.214721858  6  6  1  G
 7.453528375  6  6  2  G
 7.475434317  6  6  3  G
 7.475438802  6  6  0  G
 7.495842840  6  6  1  G
 7.653395629  6  6  2  G
 7.669818282  6  6  3  G
 7.669823315  6  6  0  G
 7.692594436  6  6  1  G
 7.854517100  6  6  2  G
 7.887175896  6  6  3  G
 7.887176513  6  6  0  G
 7.932483336  6  6  1  G
 8.090052420  6  6  2  G
 8.109742222  6  6  3  G
 8.109743809  6  6  0  G
 8.132487314  6  6  1  G
 8.212861094  6  6  2  G
 8.237342216  6  6  3  G
 8.237343565  6  6  0  G
 8.268570991  6  6  1  G
 8.315560848  6  6  2  G
 8.340568243  6  6  3  G
 8.340568821  6  6  0  G
 0.002061017  0  0  0  A
 0.020654059  0  0  1  A
 0.100507928  0  0  2  A
 0.132792718  0  0  3  A
 0.132793748  0  0  0  A
 0.148118348  0  0  1  A
 0.558682164  0  0  2  A
 0.606401368  0  0  3  A
 0.606402365  0  0  0  A
 0.649603581  0  0  1  A
 1.050182943  0  0  2  A
 1.099474695  0  0  3  A
 1.099475797  0  0  0  A
 1.146414482  0  0  1  A
 1.555474583  0  0  2  A
 1.602456628  0  0  3  A
 1.602460137  0  0  0  A
 1.646857923  0  0  1  A
 2.013637400  0  0  2  A
 2.025823445  0  0  3  A
 2.025824019  0  0  0  A
 2.057205937  0  0  1  A
 2.402747045  0  0  2  A
 2.415044811  0  0  3  A
 2.415045725  0  0  0  A
 2.455995973  0  0  1  A
 2.800112304  0  0  2  A
 2.838426014  0  0  3  A
 2.838433582  0  0  0  A
 2.877523822  0  0  1  A
 3.275020903  0  0  2  A
 3.304824338  0  0  3  A
 3.304825397  0  0  0  A
 3.314940122  0  0  1  A
 3.715810043  0  0  2  A
 3.754517994  0  0  3  A
 3.754522775  0  0  0  A
 3.781596754  0  0  1  A
 4.182177600  0  0  2  A
 4.208691799  0  0  3  A
 4.208700466  0  0  0  A
 4.250232030  0  0  1  A
 4.655656643  0  0  2  A
 4.666824347  0  0  3  A
 4.666825271  0  0  0  A
 4.694642864  0  0  1  A
 4.979815026  0  0  2  A
 5.019056075  0  0  3  A
 5.019135148  0  0  0  A
 5.064621696  0  0  1  A
 5.483709063  0  0  2  A
 5.531180630  0  0  3  A
 5.531188462  0  0  0  A
 5.561962609  0  0  1  A
 6.001201050  0  0  2  A
 6.032093475  0  0  3  A
 6.032098044  0  0  0  A
 6.044321195  0  0  1  A
 6.454060818  0  0  2  A
 6.492767088  0  0  3  A
 6.492770787  0  0  0  A
 6.510109342  0  0  1  A
 6.797003449  0  0  2  A
 6.811402219  0  0  3  A
 6.811405021  0  0  0  A
 6.835019289  0  0  1  A
 7.076199844  0  0  2  A
 7.107393934  0  0  3  A
 7.107401042  0  0  0  A
 7.137250419  0  0  1  A
 7.327995115  0  0  2  A
 7.358658481  0  0  3  A
 7.358672566  0  0  0  A
 7.396613564  0  0  1  A
 7.584459195  0  0  2  A
 7.601582018  0  0  3  A
 7.601582602  0  0  0  A
 7.642813689  0  0  1  A
 7.814119907  0  0  2  A
 7.827302566  0  0  3  A
 7.827303750  0  0  0  A
 7.877180118  0  0  1  A
 8.030839507  0  0  2  A
 8.060579107  0  0  3  A
 8.060580975  0  0  0  A
 8.107756597  0  0  1  A
 8.167236028  0  0  2  A
 8.212841851  0  0  3  A
 8.212846835  0  0  0  A
 8.228288349  0  0  1  A
 8.273366339  0  0  2  A
 8.291268573  0  0  3  A
 8.291270957  0  0  0  A
 8.308216449  0  0  1  A
 8.340594967  0  0  2  A
 8.374226526  0  0  3  A
 8.374227909  0  0  0  A
 0.002144556  2  2  0  C
 0.033656078  2  2  1  C
 0.305141239  2  2  2  C
 0.321846142  2  2  3  C
 0.321854890  2  2  0  C
 0.348761364  2  2  1  C
 0.777843285  2  2  2  C
 0.800016818  2  2  3  C
 0.800017676  2  2  0  C
 0.849331494  2  2  1  C
 1.297653567  2  2  2  C
 1.326048975  2  2  3  C
 1.326049564  2  2  0  C
 1.366395761  2  2  1  C
 1.790325070  2  2  2  C
 1.815823940  2  2  3  C
 1.815826157  2  2  0  C
 1.860923770  2  2  1  C
 2.193177804  2  2  2  C
 2.217375411  2  2  3  C
 2.217384036  2  2  0  C
 2.262355387  2  2  1  C
 2.610587704  2  2  2  C
 2.650065755  2  2  3  C
 2.650069659  2  2  0  C
 2.661164609  2  2  1  C
 3.068864526  2  2  2  C
 3.091528964  2  2  3  C
 3.091560645  2  2  0  C
 3.124140369  2  2  1  C
 3.461364785  2  2  2  C
 3.489272891  2  2  3  C
 3.489275634  2  2  0  C
 3.520357465  2  2  1  C
 3.978315622  2  2  2  C
 4.012842013  2  2  3  C
 4.012845951  2  2  0  C
 4.061233074  2  2  1  C
 4.414868919  2  2  2  C
 4.433981248  2  2  3  C
 4.433988298  2  2  0  C
 4.463534978  2  2  1  C
 4.866194111  2  2  2  C
 4.899149129  2  2  3  C
 4.899172663  2  2  0  C
 4.940633452  2  2  1  C
 5.312762079  2  2  2  C
 5.324648561  2  2  3  C
 5.324657636  2  2  0  C
 5.352902331  2  2  1  C
 5.784065309  2  2  2  C
 5.796399674  2  2  3  C
 5.796400260  2  2  0  C
 5.835219707  2  2  1  C
 6.230195845  2  2  2  C
 6.243595024  2  2  3  C
 6.243609217  2  2  0  C
 6.260045059  2  2  1  C
 6.660563366  2  2  2  C
 6.703806230  2  2  3  C
 6.703806806  2  2  0  C
 6.753533655  2  2  1  C
 6.984896842  2  2  2  C
 7.023700050  2  2  3  C
 7.023707287  2  2  0  C
 7.069798125  2  2  1  C
 7.215450146  2  2  2  C
 7.243940420  2  2  3  C
 7.243948067  2  2  0  C
 7.266837374  2  2  1  C
 7.493133878  2  2  2  C
 7.524289108  2  2  3  C
 7.524306373  2  2  0  C
 7.566444925  2  2  1  C
 7.699635047  2  2  2  C
 7.748121816  2  2  3  C
 7.748123265  2  2  0  C
 7.770311275  2  2  1  C
 7.932438178  2  2  2  C
 7.979426163  2  2  3  C
 7.979436088  2  2  0  C
 8.005549764  2  2  1  C
 8.134473381  2  2  2  C
 8.151587814  2  2  3  C
 8.151592231  2  2  0  C
 8.193541532  2  2  1  C
 8.251965417  2  2  2  C
 8.273351521  2  2  3  C
 8.273352986  2  2  0  C
 8.323340523  2  2  1  C
 8.374235521  2  2  2  C
 8.385764776  2  2  3  C
 8.385765643  2  2  0  C
 0.002863428  13  13  0  N
 0.039281112  13  13  1  N
 0.321949262  13  13  2  N
 0.369512314  13  13  3  N
 0.369514920  13  13  0  N
 0.391988161  13  13  1  N
 0.800090294  13  13  2  N
 0.818919786  13  13  3  N
 0.818930027  13  13  0  N
 0.843500479  13  13  1  N
 1.283868264  13  13  2  N
 1.297627686  13  13  3  N
 1.297634772  13  13  0  N
 1.312312517  13  13  1  N
 1.733282653  13  13  2  N
 1.766733751  13  13  3  N
 1.766736676  13  13  0  N
 1.793815002  13  13  1  N
 2.148937703  13  13  2  N
 2.170445398  13  13  3  N
 2.170452824  13  13  0  N
 2.203868208  13  13  1  N
 2.559329310  13  13  2  N
 2.576792269  13  13  3  N
 2.576795178  13  13  0  N
 2.607218590  13  13  1  N
 3.018415768  13  13  2  N
 3.051854106  13  13  3  N
 3.051854808  13  13  0  N
 3.088347821  13  13  1  N
 3.398041836  13  13  2  N
 3.430973834  13  13  3  N
 3.430978505  13  13  0  N
 3.470285759  13  13  1  N
 3.899406019  13  13  2  N
 3.947211407  13  13  3  N
 3.947215110  13  13  0  N
 3.980844072  13  13  1  N
 4.338785392  13  13  2  N
 4.372258189  13  13  3  N
 4.372267145  13  13  0  N
 4.404648754  13  13  1  N
 4.803567835  13  13  2  N
 4.827411115  13  13  3  N
 4.827411822  13  13  0  N
 4.852567218  13  13  1  N
 5.245994955  13  13  2  N
 5.269499343  13  13  3  N
 5.269500503  13  13  0  N
 5.288320892  13  13  1  N
 5.710494092  13  13  2  N
 5.745614275  13  13  3  N
 5.745617187  13  13  0  N
 5.760848674  13  13  1  N
 6.160649029  13  13  2  N
 6.182540245  13  13  3  N
 6.182553463  13  13  0  N
 6.204464621  13  13  1  N
 6.650035794  13  13  2  N
 6.660537292  13  13  3  N
 6.660562818  13  13  0  N
 6.697961664  13  13  1  N
 6.931664931  13  13  2  N
 6.971717390  13  13  3  N
 6.971720311  13  13  0  N
 6.996596928  13  13  1  N
 7.166727693  13  13  2  N
 7.183485499  13  13  3  N
 7.183489286  13  13  0  N
 7.206487063  13  13  1  N
 7.434091732  13  13  2  N
 7.453521472  13  13  3  N
 7.453527695  13  13  0  N
 7.497617835  13  13  1  N
 7.669849062  13  13  2  N
 7.699623209  13  13  3  N
 7.699625150  13  13  0  N
 7.710127789  13  13  1  N
 7.887202207  13  13  2  N
 7.932425297  13  13  3  N
 7.932427253  13  13  0  N
 7.954913838  13  13  1  N
 8.109755825  13  13  2  N
 8.134468720  13  13  3  N
 8.134470620  13  13  0  N
 8.175371919  13  13  1  N
 8.237351934  13  13  2  N
 8.251962146  13  13  3  N
 8.251963275  13  13  0  N
 8.263962342  13  13  1  N
 8.291284716  13  13  2  N
 8.315557930  13  13  3  N
 8.315559637  13  13  0  N
 8.330858696  13  13  1  N
 8.385767365  13  13  2  N
 8.407611617  13  13  3  N
 8.407612321  13  13  0  N
-1  15  15  4 LOCAL_SECTION;ENTRY_PROTOCOL;CRITICAL_SECTION;EXIT_PROTOCOL;MAX_TICKET= 284;
